name,disciplines,plus_options,plans,min_plan,district,street,link,metadata,latitude,longitude,description
Holmes Place Essen Rüttenscheid,"['Fitness', 'Funktionelles Training', 'Indoorcycling', 'Mixed Martial Arts', 'Pilates', 'Sauna', 'Tanzen', 'Trampolin', 'Yoga']",False,"['M', 'L', 'XL']",M,Rüttenscheid,Girardet Straße 14,https://urbansportsclub.com//de/venues/holmes-place-essen,"{'@context': 'http://schema.org', '@type': 'LocalBusiness', 'name': 'Holmes Place Essen Rüttenscheid', 'description': 'Holmes Place steht für ein besseres Leben. Ganzheitlich und in mehreren Dimensionen. Hier ist man überzeugt, dass ein Sich-Rundum-Wohlfühlen nur möglich ist, wenn Körper und Geist im Einklang sind. Mit Holmes Place kommst du zu einer gesunden Balance aus Bewegung, Ernährung und Entspannung. Im Kursprogramm jedes Clubs spiegelt sich das vielfältige und vor allem gesundheitsorientierte Angebot wieder. Laufen, Rudern oder Radfahren – in den großzügigen Fitnessbereichen wird dir ein umfangreiches und gesundheitsorientiertes Bewegungsprogramm geboten. Ebenfalls bietet der jeder Holmes Place Club (außer Essen) einen Pool und einen Wellnessbereich. Egal in welchen der Holmes Place Clubs – das Team freut sich auf dich und wir wünschen dir viel Spaß! *Bitte beachte, dass der Kursplan monatlich von Holmes Place geändert wird. Es kann zwischendurch immer wieder zu geänderten Kurszeiten kommen. Stelle bitte mit dem Kursplan auf der Holmes Place Website sicher, dass dein Kurs auch wie angezeigt statt findet.*', 'address': {'@type': 'PostalAddress', 'addressLocality': 'Essen, Germany', 'addressCountry': 'Germany', 'postalCode': '45131', 'streetAddress': 'Girardet Straße 14'}, 'telephone': '', 'geo': {'@type': 'GeoCoordinates', 'latitude': '51.4313742', 'longitude': '7.0044855'}, 'priceRange': '-', 'image': 'https://storage.googleapis.com/download/storage/v1/b/usc-pro-uscweb-live-media/o/de-live%2Foriginal_1024x576_Essen%20(4)_166749178189043_admin.png?generation=1667491781144340&amp;alt=media'}",51.4313742,7.0044855,"Holmes Place steht für ein besseres Leben. Ganzheitlich und in mehreren Dimensionen. Hier ist man überzeugt, dass ein Sich-Rundum-Wohlfühlen nur möglich ist, wenn Körper und Geist im Einklang sind. Mit Holmes Place kommst du zu einer gesunden Balance aus Bewegung, Ernährung und Entspannung. Im Kursprogramm jedes Clubs spiegelt sich das vielfältige und vor allem gesundheitsorientierte Angebot wieder. Laufen, Rudern oder Radfahren – in den großzügigen Fitnessbereichen wird dir ein umfangreiches und gesundheitsorientiertes Bewegungsprogramm geboten. Ebenfalls bietet der jeder Holmes Place Club (außer Essen) einen Pool und einen Wellnessbereich. Egal in welchen der Holmes Place Clubs – das Team freut sich auf dich und wir wünschen dir viel Spaß! *Bitte beachte, dass der Kursplan monatlich von Holmes Place geändert wird. Es kann zwischendurch immer wieder zu geänderten Kurszeiten kommen. Stelle bitte mit dem Kursplan auf der Holmes Place Website sicher, dass dein Kurs auch wie angezeigt statt findet.*"
Elementry Hot Yoga,"['Fitness', 'Yoga']",False,"['M', 'L', 'XL']",M,Bergerhausen,Schürmannstr. 30b,https://urbansportsclub.com//de/venues/elementry-hot-yoga,"{'@context': 'http://schema.org', '@type': 'LocalBusiness', 'name': 'Elementry Hot Yoga', 'description': 'Herzlich willkommen im Elementry Hot Yoga, dem ersten Hot Yoga Studio von Essen. Wir freuen uns, dass unsere Idee, HotYoga auch in unsere Region zu bringen, so viele Fans findet.Das Leben ist meist laut und bunt. Wir sind es auch. Während der classes aber üben wir Stille. Wir wünschen uns, dass Du Dich bei uns wohlfühlst, Dich auspowerst oder entspannst je nachdem, für welche class Du Dich entscheidest. In jedem Fall kehrst Du wie ausgewechselt wieder in Deinen Alltag zurück!Unser wöchentliches Programm umfasst insgesamt mehr als 20 verschiedene classes – mindestens eine davon ist genau richtig für Dich! hot, warm, basic -wie hot willst Du es? Unser Studio bietet verschiedene Formen von Yoga an, sie werden bei unterschiedlichen Raumtemperaturen ausgeführt: HotYoga, HathaYoga, YinYoga, FlowYoga, PhysioYoga, FitnessYoga, FaszienYoga, FatburnerYoga, PilatesFusion, PreNatalYoga, PostNatalYoga. Unser Studio fokussiert sich auf den gesundheitsfördernden Aspekt des Yogas. Wir lehren Asanas (Yogaübungen), „predigen“ aber keine Philosophie oder religiöse Weltanschauung. Bei uns kann jeder mitmachen und voller Energie wieder in seinen Alltag zurückkehren. Du findest uns im Büropark Ludwig im Essener Süden. in der Schürmannstrasse 30 b in der 1.Etage. Unser Studio bietet Dir auf insgesamt mehr als 200 Quadratmeter , 3 Yogaräume (70 qm, 40 qm und 14 qm) sowie allen Komfort, den Du brauchst: Eine Rezeption mit Aufenthalts -und Verkaufsbereich, Umkleiden, Duschen und WCs … und … Anmeldungen über Fitogram App oder Homepage.', 'address': {'@type': 'PostalAddress', 'addressLocality': 'Essen, Germany', 'addressCountry': 'Germany', 'postalCode': '45136', 'streetAddress': 'Schürmannstr. 30b'}, 'telephone': '', 'geo': {'@type': 'GeoCoordinates', 'latitude': '51.4330333', 'longitude': '7.0276103'}, 'priceRange': '-', 'image': 'https://storage.googleapis.com/download/storage/v1/b/usc-pro-uscweb-live-media/o/de-live%2Foriginal_1096x617_Foto%2003.09.18%2C%2019%2007%2052_1540904112531190_admin.jpg?alt=media'}",51.4330333,7.0276103,"Herzlich willkommen im Elementry Hot Yoga, dem ersten Hot Yoga Studio von Essen. Wir freuen uns, dass unsere Idee, HotYoga auch in unsere Region zu bringen, so viele Fans findet.Das Leben ist meist laut und bunt. Wir sind es auch. Während der classes aber üben wir Stille. Wir wünschen uns, dass Du Dich bei uns wohlfühlst, Dich auspowerst oder entspannst je nachdem, für welche class Du Dich entscheidest. In jedem Fall kehrst Du wie ausgewechselt wieder in Deinen Alltag zurück!Unser wöchentliches Programm umfasst insgesamt mehr als 20 verschiedene classes – mindestens eine davon ist genau richtig für Dich! hot, warm, basic -wie hot willst Du es? Unser Studio bietet verschiedene Formen von Yoga an, sie werden bei unterschiedlichen Raumtemperaturen ausgeführt: HotYoga, HathaYoga, YinYoga, FlowYoga, PhysioYoga, FitnessYoga, FaszienYoga, FatburnerYoga, PilatesFusion, PreNatalYoga, PostNatalYoga. Unser Studio fokussiert sich auf den gesundheitsfördernden Aspekt des Yogas. Wir lehren Asanas (Yogaübungen), „predigen“ aber keine Philosophie oder religiöse Weltanschauung. Bei uns kann jeder mitmachen und voller Energie wieder in seinen Alltag zurückkehren. Du findest uns im Büropark Ludwig im Essener Süden. in der Schürmannstrasse 30 b in der 1.Etage. Unser Studio bietet Dir auf insgesamt mehr als 200 Quadratmeter , 3 Yogaräume (70 qm, 40 qm und 14 qm) sowie allen Komfort, den Du brauchst: Eine Rezeption mit Aufenthalts -und Verkaufsbereich, Umkleiden, Duschen und WCs … und … Anmeldungen über Fitogram App oder Homepage."
Boulderbar Neoliet Gelsenkirchen,['Bouldern'],False,"['L', 'XL']",L,Gelsenkirchen,Gewerkenstraße 28,https://urbansportsclub.com//de/venues/boulderbar-neoliet-gelsenkirchen,"{'@context': 'http://schema.org', '@type': 'LocalBusiness', 'name': 'Boulderbar Neoliet Gelsenkirchen', 'description': 'In der Boulderbar wird ohne Seil und Gurt über Weichbodenmatten geklettert. Du brauchst dazu keinen Kurs, keine Vorkenntnisse und auch keinen Kletterpartner. Komm einfach vorbei, das Boulderbar Team erklärt dir wie es geht und du kannst sofort loslegen. Du brauchst nur sportliche Kleidung und Turnschuhe. Du bist Boulder- Neuling und möchtest eine kleine Einführung? Jeden Samstag zwischen 14 und 18 Uhr bietet die Boulderbar eine ca. 20 minütigen Einführung von einem ausgebildeten Bouldertrainer an. Der Trainer erklärt dir alles rund ums Bouldern und steht dir während der Stunde mit Tipps und Tricks zur Seite. Wir wünschen viel Spaß!', 'address': {'@type': 'PostalAddress', 'addressLocality': 'Essen, Germany', 'addressCountry': 'Germany', 'postalCode': '45881', 'streetAddress': 'Gewerkenstraße 28'}, 'telephone': '', 'geo': {'@type': 'GeoCoordinates', 'latitude': '51.5212563', 'longitude': '7.0843281'}, 'priceRange': '-', 'image': 'https://storage.googleapis.com/download/storage/v1/b/usc-pro-uscweb-live-media/o/de-live%2Foriginal_1772x997_NJhCy56A_1576249006518921_admin.jpeg?alt=media'}",51.5212563,7.0843281,"In der Boulderbar wird ohne Seil und Gurt über Weichbodenmatten geklettert. Du brauchst dazu keinen Kurs, keine Vorkenntnisse und auch keinen Kletterpartner. Komm einfach vorbei, das Boulderbar Team erklärt dir wie es geht und du kannst sofort loslegen. Du brauchst nur sportliche Kleidung und Turnschuhe. Du bist Boulder- Neuling und möchtest eine kleine Einführung? Jeden Samstag zwischen 14 und 18 Uhr bietet die Boulderbar eine ca. 20 minütigen Einführung von einem ausgebildeten Bouldertrainer an. Der Trainer erklärt dir alles rund ums Bouldern und steht dir während der Stunde mit Tipps und Tricks zur Seite. Wir wünschen viel Spaß!"
Ai Fitness - Studio Essen-Bergerhausen,"['Fitness', 'Pilates', 'Tanzen', 'Yoga']",False,"['S', 'M', 'L', 'XL']",S,Bergerhausen,Schürmannstraße 19A,https://urbansportsclub.com//de/venues/ai-fitness-studio-essen-bergerhausen,"{'@context': 'http://schema.org', '@type': 'LocalBusiness', 'name': 'Ai Fitness - Studio Essen-Bergerhausen', 'description': 'Als eine der am schnellsten wachsenden und innovativsten Fitnessstudioketten in Deutschland, ist der Kern unseres Unternehmens eine ehrliche Leidenschaft für Fitness, Gesundheit und Wellbeing. Ziel ist es, unseren Mitgliedern ein erstklassiges Fitnesserlebnis zu bieten, das begeistert, motiviert und dabei erschwinglich bleibt. Um dies zu erreichen, verfolgt Ai Fitness seit 2003 einen ganzheitlichen Ansatz, der auf vier verschiedenen Säulen beruht: Hohe Servicequalität, niedrige Preise All inclusive an 365 Tagen im Jahr. Wir bieten ein herausragendes Leistungsangebot und das zu einem fairen und transparenten Preis. Vielfalt in Training und Ausstattung Fitnesstraining hat sich in den letzten Jahren extrem diversifiziert. Unsere Trainingsmöglichkeiten spiegeln dies wieder und bieten für jeden etwas. Angenehmes Umfeld und Ambiente In jedem unserer Studios hat eine angenehme Trainingsatmosphäre oberste Priorität. So sorgen wir für Motivation und Erfolg im Training. Effiziente Strukturen und Abläufe Mit über 20 Jahren Erfahrung in der Branche wissen wir, worauf es ankommt. Das Ergebnis ist ein erstklassiger Service bei gleichzeitig niedrigen Preisen. Wir kombinieren diese Erfolgsfaktoren zu einem Rundum-Sorglos-Paket, dass jedem Mitglied an 365 Tagen im Jahr zur Verfügung steht. Dabei richtet sich unser Angebot an ein breites Publikum – egal ob Anfänger, Hobbysportler oder fortgeschrittener Athlet – jeder findet hier sein sportliches Zuhause und eine erstklassige Betreuung. In der Praxis findet sich dieses Konzept in der Studiogestaltung wieder. Jeder Ai Fitnessclub ist gemäß der unterschiedlichen Trainingskonzepte in verschiedene Bereiche unterteilt: Funktionales Training, klassisches Gerätetraining, Fitnesskurse, Zirkeltraining oder Cardio – hier findet jeder seinen ganz eigenen Lieblingsbereich. Mit zertifizierten Trainern, einer großen Bandbreite an Trainingsmöglichkeiten, State of the Art-Fitnessequipment, einem vielseitigen Kursangebot, Gesundheitscheck und innovativen Sonderleistungen haben wir den Begriff all inclusive Fitness etabliert. Abgerundet wird dieses attraktive Gesamtpaket durch eine offene und lichtdurchflutete Architektur, hochwertige Umkleiden und Sanitärbereiche mit kostenlosen Duschen sowie unserem stets hilfsbereites Personal. In unseren Studios schaffen wir eine einzigartige Atmosphäre, in der jeder willkommen ist und sich wohlfühlen kann. Unsere Mitglieder sollen sich dabei nicht nur als Kunden, sondern Teil einer inspirierenden und motivierenden Community verstehen. Mit regelmäßigen Aktionen und dynamischen After-Work-Events schaffen wir ein vertrauensvolles Umfeld, das sonst oftmals durch Anonymität gekennzeichnet ist. Fitness in Wohlfühl-Atmosphäre – denn nur wer sich wirklich wohlfühlt, kommt auch gerne zum Training und hat langfristig Erfolg. Und der Trainingserfolg unserer Mitglieder ist dabei unsere Leidenschaft. Ein Ai Fitnessstudio findet sich bestimmt auch in deiner Nähe. Überzeuge dich selbst und lerne uns im Rahmen eines kostenlosen Probetrainings kennen. Wir freuen uns auf dich. Ai Fitness - Erlebe den Unterschied! Bitte schaue vor deinem Besuch in die Hausordnung: https://www.ai-fitness.de/service/hausordnung', 'address': {'@type': 'PostalAddress', 'addressLocality': 'Essen, Germany', 'addressCountry': 'Germany', 'postalCode': '45136', 'streetAddress': 'Schürmannstraße 19A'}, 'telephone': '', 'geo': {'@type': 'GeoCoordinates', 'latitude': '51.4334441', 'longitude': '7.0323865'}, 'priceRange': '-', 'image': 'https://urbansportsclub.com/images/merchant/venueHome.jpg'}",51.4334441,7.0323865,"Als eine der am schnellsten wachsenden und innovativsten Fitnessstudioketten in Deutschland, ist der Kern unseres Unternehmens eine ehrliche Leidenschaft für Fitness, Gesundheit und Wellbeing. Ziel ist es, unseren Mitgliedern ein erstklassiges Fitnesserlebnis zu bieten, das begeistert, motiviert und dabei erschwinglich bleibt. Um dies zu erreichen, verfolgt Ai Fitness seit 2003 einen ganzheitlichen Ansatz, der auf vier verschiedenen Säulen beruht: Hohe Servicequalität, niedrige Preise All inclusive an 365 Tagen im Jahr. Wir bieten ein herausragendes Leistungsangebot und das zu einem fairen und transparenten Preis. Vielfalt in Training und Ausstattung Fitnesstraining hat sich in den letzten Jahren extrem diversifiziert. Unsere Trainingsmöglichkeiten spiegeln dies wieder und bieten für jeden etwas. Angenehmes Umfeld und Ambiente In jedem unserer Studios hat eine angenehme Trainingsatmosphäre oberste Priorität. So sorgen wir für Motivation und Erfolg im Training. Effiziente Strukturen und Abläufe Mit über 20 Jahren Erfahrung in der Branche wissen wir, worauf es ankommt. Das Ergebnis ist ein erstklassiger Service bei gleichzeitig niedrigen Preisen. Wir kombinieren diese Erfolgsfaktoren zu einem Rundum-Sorglos-Paket, dass jedem Mitglied an 365 Tagen im Jahr zur Verfügung steht. Dabei richtet sich unser Angebot an ein breites Publikum – egal ob Anfänger, Hobbysportler oder fortgeschrittener Athlet – jeder findet hier sein sportliches Zuhause und eine erstklassige Betreuung. In der Praxis findet sich dieses Konzept in der Studiogestaltung wieder. Jeder Ai Fitnessclub ist gemäß der unterschiedlichen Trainingskonzepte in verschiedene Bereiche unterteilt: Funktionales Training, klassisches Gerätetraining, Fitnesskurse, Zirkeltraining oder Cardio – hier findet jeder seinen ganz eigenen Lieblingsbereich. Mit zertifizierten Trainern, einer großen Bandbreite an Trainingsmöglichkeiten, State of the Art-Fitnessequipment, einem vielseitigen Kursangebot, Gesundheitscheck und innovativen Sonderleistungen haben wir den Begriff all inclusive Fitness etabliert. Abgerundet wird dieses attraktive Gesamtpaket durch eine offene und lichtdurchflutete Architektur, hochwertige Umkleiden und Sanitärbereiche mit kostenlosen Duschen sowie unserem stets hilfsbereites Personal. In unseren Studios schaffen wir eine einzigartige Atmosphäre, in der jeder willkommen ist und sich wohlfühlen kann. Unsere Mitglieder sollen sich dabei nicht nur als Kunden, sondern Teil einer inspirierenden und motivierenden Community verstehen. Mit regelmäßigen Aktionen und dynamischen After-Work-Events schaffen wir ein vertrauensvolles Umfeld, das sonst oftmals durch Anonymität gekennzeichnet ist. Fitness in Wohlfühl-Atmosphäre – denn nur wer sich wirklich wohlfühlt, kommt auch gerne zum Training und hat langfristig Erfolg. Und der Trainingserfolg unserer Mitglieder ist dabei unsere Leidenschaft. Ein Ai Fitnessstudio findet sich bestimmt auch in deiner Nähe. Überzeuge dich selbst und lerne uns im Rahmen eines kostenlosen Probetrainings kennen. Wir freuen uns auf dich. Ai Fitness - Erlebe den Unterschied! Bitte schaue vor deinem Besuch in die Hausordnung: https://www.ai-fitness.de/service/hausordnung"
Element Boulders Essen,['Bouldern'],False,"['M', 'L', 'XL']",M,Westviertel,Haedenkampstraße 73,https://urbansportsclub.com//de/venues/element-boulders-essen,"{'@context': 'http://schema.org', '@type': 'LocalBusiness', 'name': 'Element Boulders Essen', 'description': '.', 'address': {'@type': 'PostalAddress', 'addressLocality': 'Essen, Germany', 'addressCountry': 'Germany', 'postalCode': '45143', 'streetAddress': 'Haedenkampstraße 73'}, 'telephone': '+49 201 84362060', 'geo': {'@type': 'GeoCoordinates', 'latitude': '51.4553178', 'longitude': '6.985445107'}, 'priceRange': '-', 'image': 'https://storage.googleapis.com/download/storage/v1/b/usc-pro-uscweb-live-media/o/de-live%2Foriginal_640x360_sisjwgdhf0oxbboiyudl_1711118923509648.png?generation=1711118923651069&amp;alt=media'}",51.4553178,6.985445107,.
Küla Yoga Studio,['Yoga'],False,"['M', 'L', 'XL']",M,Stadtbezirke II,Corneliastrasse 17,https://urbansportsclub.com//de/venues/kula-yoga-studio,"{'@context': 'http://schema.org', '@type': 'LocalBusiness', 'name': 'Küla Yoga Studio', 'description': 'Seit Mai 2023 sind die Türen unseres Studios zwischen den Stadtteilen Rüttenscheid und Südviertel für euch geöffnet. Hier finden 10 Yogamatten ihren Platz - minimalistisch, natürlich und hell laden die Räumlichkeiten zum Auspowern, Entspannen und Durchatmen ein, nach denen man gerne noch eine Tasse Tee gemeinsam genießt. Kūla Yoga ist ein Ort, an dem du die Stärke einer Gemeinschaft erfahren kannst, aber auch deinen eigenen Raum für dich bekommst, wenn du ihn brauchst. An dem du deine Grenzen überschreiten, aber auch abstecken kannst. Unabhängigkeit gilt heute als wichtiges Mittel für ein selbstbestimmtes Leben. Aber wir müssen nicht alles alleine schaffen. Wir glauben an die Kraft von Austausch und Miteinander, um dieses Leben auch nachhaltig so zu gestalten, wie du es dir wünschst. Die Achtsamkeit, die du aus den Yogakursen mit in den Alltag integrierst, lässt dich bewusster mit Menschen, Lebensmitteln und der Umwelt umgehen.', 'address': {'@type': 'PostalAddress', 'addressLocality': 'Essen, Germany', 'addressCountry': 'Germany', 'postalCode': '45130', 'streetAddress': 'Corneliastrasse 17'}, 'telephone': '', 'geo': {'@type': 'GeoCoordinates', 'latitude': '51.4391307', 'longitude': '7.0156014'}, 'priceRange': '-', 'image': 'https://storage.googleapis.com/download/storage/v1/b/usc-pro-uscweb-live-media/o/de-live%2Foriginal_2000x1125_c7d1621b8344-2A3B47A9_DDA8_44B1_A03A_1222D7FF5EFB_1687529411230106_admin.jpeg?generation=1687529411462315&amp;alt=media'}",51.4391307,7.0156014,"Seit Mai 2023 sind die Türen unseres Studios zwischen den Stadtteilen Rüttenscheid und Südviertel für euch geöffnet. Hier finden 10 Yogamatten ihren Platz - minimalistisch, natürlich und hell laden die Räumlichkeiten zum Auspowern, Entspannen und Durchatmen ein, nach denen man gerne noch eine Tasse Tee gemeinsam genießt. Kūla Yoga ist ein Ort, an dem du die Stärke einer Gemeinschaft erfahren kannst, aber auch deinen eigenen Raum für dich bekommst, wenn du ihn brauchst. An dem du deine Grenzen überschreiten, aber auch abstecken kannst. Unabhängigkeit gilt heute als wichtiges Mittel für ein selbstbestimmtes Leben. Aber wir müssen nicht alles alleine schaffen. Wir glauben an die Kraft von Austausch und Miteinander, um dieses Leben auch nachhaltig so zu gestalten, wie du es dir wünschst. Die Achtsamkeit, die du aus den Yogakursen mit in den Alltag integrierst, lässt dich bewusster mit Menschen, Lebensmitteln und der Umwelt umgehen."
Punch Fitness,['Fitness'],False,"['M', 'L', 'XL']",M,Altenessen-Süd,Leimkugelstr. 9,https://urbansportsclub.com//de/venues/punch-fitness,"{'@context': 'http://schema.org', '@type': 'LocalBusiness', 'name': 'Punch Fitness', 'description': 'Mit punch geht ein völlig neuartiges Club- und Trainings-Konzept in die erste Runde. Zusätzlich zum gesundheitsorientierten Training (krankenkassenzertifizierte Kurse) und ausgebauten Wellnessbereich mit gemischter Sauna (Wintergarten) und einer Damensauna bietet punch auf über 5000 m2 ein sehr umfangreiches Programm an. Punch gehört mittlerweile zu den größten Clubs in Deutschland und präsentiert auf drei Ebenen in 5 Kursräumen ein abwechslungsreiches Kurs- und Trainingsangebot. Über 80 Kurse mit Inhalten von Aerobic bis Zumba, vier Trainingsflächen mit einem Freihantelbereich, einem Cardiobereich mit Cardio-Kino, einer Trainingsfläche mit geführten Trainingsgeräten und der neuen Kinesis-Linie von Technogym, sowie einem neu ausgebauten Trainingsbereich für funktionelles Training und Crosstraining mit Indoorlaufbahn und Boulderwand nennt Punch sein eigen. Wer jetzt nicht den „Gong hört“…Hier kann jeder seinen Körper optimal trainieren und seine persönliche Höchstleistung erleben. Ring frei, los geht‘s!', 'address': {'@type': 'PostalAddress', 'addressLocality': 'Essen, Germany', 'addressCountry': 'Germany', 'postalCode': '45141', 'streetAddress': 'Leimkugelstr. 9'}, 'telephone': '', 'geo': {'@type': 'GeoCoordinates', 'latitude': '51.4722993', 'longitude': '7.0059686'}, 'priceRange': '-', 'image': 'https://storage.googleapis.com/download/storage/v1/b/usc-pro-uscweb-live-media/o/de-live%2Foriginal_1686x948_fitnesscompressed_1576494857723953_admin.jpg?alt=media'}",51.4722993,7.0059686,"Mit punch geht ein völlig neuartiges Club- und Trainings-Konzept in die erste Runde. Zusätzlich zum gesundheitsorientierten Training (krankenkassenzertifizierte Kurse) und ausgebauten Wellnessbereich mit gemischter Sauna (Wintergarten) und einer Damensauna bietet punch auf über 5000 m2 ein sehr umfangreiches Programm an. Punch gehört mittlerweile zu den größten Clubs in Deutschland und präsentiert auf drei Ebenen in 5 Kursräumen ein abwechslungsreiches Kurs- und Trainingsangebot. Über 80 Kurse mit Inhalten von Aerobic bis Zumba, vier Trainingsflächen mit einem Freihantelbereich, einem Cardiobereich mit Cardio-Kino, einer Trainingsfläche mit geführten Trainingsgeräten und der neuen Kinesis-Linie von Technogym, sowie einem neu ausgebauten Trainingsbereich für funktionelles Training und Crosstraining mit Indoorlaufbahn und Boulderwand nennt Punch sein eigen. Wer jetzt nicht den „Gong hört“…Hier kann jeder seinen Körper optimal trainieren und seine persönliche Höchstleistung erleben. Ring frei, los geht‘s!"
Grugapark Therme Essen,"['Sauna', 'Schwimmen']",True,"['L', 'XL']",L,Rüttenscheid,Lührmannstraße 70,https://urbansportsclub.com//de/venues/grugapark-therme-essen,"{'@context': 'http://schema.org', '@type': 'LocalBusiness', 'name': 'Grugapark Therme Essen', 'description': 'Eingebettet in die Landschaft des »Grugaparks« lädt die Grugapark-Therme mit Ihrem asiatischen Ambiente zur aktiven Entspannung ein. Saunafreunde können sich auf die Benutzung einer Bio-Fablicht-Sauna, der Rosenquarz-Sauna, einer Finnischen Sauna sowie des neuen Shinto Dampfbades freuen. Im Außenbereich laden eine große Aufguss-Sauna und eine Himalayasalz-Sauna im Japanhaus sowie die neue InfrarotLounge zum Aufenthalt ein. Im Obergeschoss gibt weitere Ruheräume und eine große Sonnenterasse mit über 40 Liegen und Doppelliegen.', 'address': {'@type': 'PostalAddress', 'addressLocality': 'Essen, Germany', 'addressCountry': 'Germany', 'postalCode': '45131', 'streetAddress': 'Lührmannstraße 70'}, 'telephone': '', 'geo': {'@type': 'GeoCoordinates', 'latitude': '51.43021', 'longitude': '6.9909013'}, 'priceRange': '-', 'image': 'https://storage.googleapis.com/download/storage/v1/b/usc-pro-uscweb-live-media/o/de-live%2Foriginal_1040x585_Bild-13_1540905431251443_admin.jpg?alt=media'}",51.43021,6.9909013,"Eingebettet in die Landschaft des »Grugaparks« lädt die Grugapark-Therme mit Ihrem asiatischen Ambiente zur aktiven Entspannung ein. Saunafreunde können sich auf die Benutzung einer Bio-Fablicht-Sauna, der Rosenquarz-Sauna, einer Finnischen Sauna sowie des neuen Shinto Dampfbades freuen. Im Außenbereich laden eine große Aufguss-Sauna und eine Himalayasalz-Sauna im Japanhaus sowie die neue InfrarotLounge zum Aufenthalt ein. Im Obergeschoss gibt weitere Ruheräume und eine große Sonnenterasse mit über 40 Liegen und Doppelliegen."
fitbox Essen Südviertel,"['EMS', 'EMS Cardio']",True,"['L', 'XL']",L,Südviertel,Gutenbergstraße 51,https://urbansportsclub.com//de/venues/fitbox-essen-sudviertel,"{'@context': 'http://schema.org', '@type': 'LocalBusiness', 'name': 'fitbox Essen Südviertel', 'description': 'Schritt für Schritt begleitet Dich Dein Personal Trainer in der fitbox durch Deine EMS Fitness Übungen und hilft Dir, Deiner Traumfigur näher zu kommen und sie zu behalten. Vor und nach dem Training kannst Du Deinem Trainer alle Fragen stellen, die Dir auf der Seele brennen. Keine Antwort zum Thema Fitness, EMS Training oder Ernährung bleibt offen. Diese persönliche Atmosphäre, schnelle spürbare Erfolge und feste Termine helfen Dir, motiviert zu bleiben und kein Training in der fitbox Essen Südviertel auszulassen. Schon Opa wusste: Das beste Training ist das, das stattfindet. Es ist Zeit, Dein erstes EMS Training im Essener Südviertel stattfinden', 'address': {'@type': 'PostalAddress', 'addressLocality': 'Essen, Germany', 'addressCountry': 'Germany', 'postalCode': '45128', 'streetAddress': 'Gutenbergstraße 51'}, 'telephone': '+49 201 87778015', 'geo': {'@type': 'GeoCoordinates', 'latitude': '51.4439646', 'longitude': '7.0188461'}, 'priceRange': '-', 'image': 'https://storage.googleapis.com/download/storage/v1/b/usc-pro-uscweb-live-media/o/de-live%2Foriginal_1024x576_5a3d74675637-86BE8279_95E7_42D6_A57C_83FECBEDDC67111_1652271571314516_admin.jpg?generation=1652271571396455&amp;alt=media'}",51.4439646,7.0188461,"Schritt für Schritt begleitet Dich Dein Personal Trainer in der fitbox durch Deine EMS Fitness Übungen und hilft Dir, Deiner Traumfigur näher zu kommen und sie zu behalten. Vor und nach dem Training kannst Du Deinem Trainer alle Fragen stellen, die Dir auf der Seele brennen. Keine Antwort zum Thema Fitness, EMS Training oder Ernährung bleibt offen. Diese persönliche Atmosphäre, schnelle spürbare Erfolge und feste Termine helfen Dir, motiviert zu bleiben und kein Training in der fitbox Essen Südviertel auszulassen. Schon Opa wusste: Das beste Training ist das, das stattfindet. Es ist Zeit, Dein erstes EMS Training im Essener Südviertel stattfinden"
Coolbox Essen,"['Kryotherapie', 'Massage']",True,"['L', 'XL']",L,Rüttenscheid,Rüttenscheider Straße 16,https://urbansportsclub.com//de/venues/coolbox-essen,"{'@context': 'http://schema.org', '@type': 'LocalBusiness', 'name': 'Coolbox Essen', 'description': 'Ein paar Minuten frieren, um gesund und schön zu sein? Die Kryoanwendung ist ein etablierter Trend, der wirklich funktioniert. Nicht umsonst schwören internationale Profisportler, Stars und Models darauf. Was früher eine Luxusanwendung war ist jetzt in der Coolbox Essen für jeden zugänglich. Und so funktioniert es - In der Kältekammer wird dein Körper für wenige Minuten einer Temperatur von -85 Grad ausgesetzt. Durch die Kälte ziehen sich die Gefäße zusammen und der Blutfluss verlangsamt sich. Dadurch wird das Gewebe weniger schmerzempfindlich und die Durchblutung sowie die Sauerstoffversorgung laufen nach der Behandlung auf Hochtouren. Ebenso verbessert sich dein Stoffwechsel und deine Leistungsfähigkeit. Eine regelmäßige Anwendung stärkt auch dein Immunsystem und Schmerzen sowie Entzündungen werden gelindert. Vor allem im Sport hat es große Vorteile, da sich deine Regeneration deutlich verbessert und sich dein Körper schneller erholen kann. Die perfekte Ergänzung zu deiner Gesundheit. Klingt spannend? Dann probiere es doch einfach mal aus und lasse dich von den positiven Effekten der Kältekammer überraschen und erfahre ein komplett neues Erlebnis.', 'address': {'@type': 'PostalAddress', 'addressLocality': 'Essen, Germany', 'addressCountry': 'Germany', 'postalCode': '45131', 'streetAddress': 'Kunigundastraße 22'}, 'telephone': '+49 172 5676612', 'geo': {'@type': 'GeoCoordinates', 'latitude': '51.4312704', 'longitude': '7.0088652'}, 'priceRange': '-', 'image': 'https://storage.googleapis.com/download/storage/v1/b/usc-pro-uscweb-live-media/o/de-live%2Foriginal_1024x576_b66fffcaedd4-100_161918151322446_admin.jpg?alt=media'}",51.4312704,7.0088652,"Ein paar Minuten frieren, um gesund und schön zu sein? Die Kryoanwendung ist ein etablierter Trend, der wirklich funktioniert. Nicht umsonst schwören internationale Profisportler, Stars und Models darauf. Was früher eine Luxusanwendung war ist jetzt in der Coolbox Essen für jeden zugänglich. Und so funktioniert es - In der Kältekammer wird dein Körper für wenige Minuten einer Temperatur von -85 Grad ausgesetzt. Durch die Kälte ziehen sich die Gefäße zusammen und der Blutfluss verlangsamt sich. Dadurch wird das Gewebe weniger schmerzempfindlich und die Durchblutung sowie die Sauerstoffversorgung laufen nach der Behandlung auf Hochtouren. Ebenso verbessert sich dein Stoffwechsel und deine Leistungsfähigkeit. Eine regelmäßige Anwendung stärkt auch dein Immunsystem und Schmerzen sowie Entzündungen werden gelindert. Vor allem im Sport hat es große Vorteile, da sich deine Regeneration deutlich verbessert und sich dein Körper schneller erholen kann. Die perfekte Ergänzung zu deiner Gesundheit. Klingt spannend? Dann probiere es doch einfach mal aus und lasse dich von den positiven Effekten der Kältekammer überraschen und erfahre ein komplett neues Erlebnis."
5Elements Rhein-Ruhr,['Massage'],True,"['L', 'XL']",L,Stadtbezirke II,Girardetstraße 2,https://urbansportsclub.com//de/venues/5elements-rhein-ruhr,"{'@context': 'http://schema.org', '@type': 'LocalBusiness', 'name': '5Elements Rhein-Ruhr', 'description': 'Deine Auszeit in Deiner Stadt - Mitten in Essen Rüttenscheid: 5Elements steht für Qualität, Ambiente und Wohlfühlen. Diese drei Begriffe spiegeln unser Versprechen an dich perfekt wider: Wir vereinen Qualität unserer Massagen mit einer gleichermaßen hochwertigen wie stilvollen Einrichtung, um deinen Wohlfühlfaktor zu maximieren! Sobald du unser Studio betrittst, werden deine ganz individuellen Bedürfnisse in den Vordergrund gestellt. Verbringe die Wartezeit bei einem leckeren Tee aus unserem vielfältigen Teeangebot und freue dich auf dein persönliches Massageerlebnis! Durch unser hochqualifiziertes Personal sind wir in der Lage, dir eine Vielzahl von unterschiedlichen Massagen auf höchstem Niveau anzubieten: Von klassischer Ganzkörpermassage über Lomi-Lomi- und Schwangerschaftsmassagen bis hin zu Kombinationsangeboten, bei denen du dich zudem auf ein Bierchen, einen Prosecco sowie eine Gesichtsmaske freuen darfst. Schaue gerne vorbei und wähle das für dich passende Angebot. Wir freuen uns auf dich!', 'address': {'@type': 'PostalAddress', 'addressLocality': 'Essen, Germany', 'addressCountry': 'Germany', 'postalCode': '45131', 'streetAddress': 'Girardetstraße 2'}, 'telephone': '', 'geo': {'@type': 'GeoCoordinates', 'latitude': '51.4312205', 'longitude': '7.0039451'}, 'priceRange': '-', 'image': 'https://storage.googleapis.com/download/storage/v1/b/usc-pro-uscweb-live-media/o/de-live%2Foriginal_6042x3399_f8427aaa9b61-5lementsruhr__3_1703756782190697_admin.jpg?generation=1703756782302480&amp;alt=media'}",51.4312205,7.0039451,"Deine Auszeit in Deiner Stadt - Mitten in Essen Rüttenscheid: 5Elements steht für Qualität, Ambiente und Wohlfühlen. Diese drei Begriffe spiegeln unser Versprechen an dich perfekt wider: Wir vereinen Qualität unserer Massagen mit einer gleichermaßen hochwertigen wie stilvollen Einrichtung, um deinen Wohlfühlfaktor zu maximieren! Sobald du unser Studio betrittst, werden deine ganz individuellen Bedürfnisse in den Vordergrund gestellt. Verbringe die Wartezeit bei einem leckeren Tee aus unserem vielfältigen Teeangebot und freue dich auf dein persönliches Massageerlebnis! Durch unser hochqualifiziertes Personal sind wir in der Lage, dir eine Vielzahl von unterschiedlichen Massagen auf höchstem Niveau anzubieten: Von klassischer Ganzkörpermassage über Lomi-Lomi- und Schwangerschaftsmassagen bis hin zu Kombinationsangeboten, bei denen du dich zudem auf ein Bierchen, einen Prosecco sowie eine Gesichtsmaske freuen darfst. Schaue gerne vorbei und wähle das für dich passende Angebot. Wir freuen uns auf dich!"
We are Padel Essen,['Padel'],False,"['M', 'L', 'XL']",M,Leithe,Wetterschacht 4-8,https://urbansportsclub.com//de/venues/we-are-padel-essen,"{'@context': 'http://schema.org', '@type': 'LocalBusiness', 'name': 'We are Padel Essen', 'description': 'We are Padel freut sich auf Dich!', 'address': {'@type': 'PostalAddress', 'addressLocality': 'Essen, Germany', 'addressCountry': 'Germany', 'postalCode': '45307 ', 'streetAddress': 'Wetterschacht 4-8'}, 'telephone': '', 'geo': {'@type': 'GeoCoordinates', 'latitude': '51.465480942', 'longitude': '7.055802209'}, 'priceRange': '-', 'image': 'https://storage.googleapis.com/download/storage/v1/b/usc-pro-uscweb-live-media/o/de-live%2Foriginal_1080x607_s4dn060iiiufymmifkps_1704445710519717.png?generation=1704445710558207&amp;alt=media'}",51.465480942,7.055802209,We are Padel freut sich auf Dich!
AirHop Trampolinpark Essen,['Trampolin'],False,"['M', 'L', 'XL']",M,Frillendorf,Am Zehnthof 194,https://urbansportsclub.com//de/venues/airhop-trampolinpark-essen,"{'@context': 'http://schema.org', '@type': 'LocalBusiness', 'name': 'AirHop Trampolinpark Essen', 'description': 'Der AirHop Trampolinpark bringt eine neue Liga Trampolinspaß nach Essen! In Essen-Kray kannst du in einer der größten Trampolinhallen des Ruhrgebiets ordentlich was erleben: Auf über 3.400 Quadratmetern laden dich weitläufige Trampolinanlagen und zahlreiche Action-Features zum Springen, Spaß haben und Austoben ein! Das Sprung-Paradies für Jung und Alt befindet sich gut erreichbar auf dem Gelände neben dem GO! Fitness Center und dem Kids Country in Essen-Kray. In der mit High-End-Trampolinen ausgebauten Halle kannst du dich auf dem XXL Trampolinfeld auspowern, deine Wurftechnik beim Slam Dunk Basketball perfektionieren, krasse Sprünge in die Schaumstoff-Grube üben oder dich dem einzigartigen, unbesiegbaren Wipe Out stellen. Viele der Park-Features sind im Ruhrgebiet einzigartig! Ebenfalls verfügt der AirHop Trampolinpark über ein Café mit leckeren Snacks und Getränken – der ideale Ort für eine Verschnaufpause oder zum entspannten Beobachten der Springer und ihrer Sprungkünste. AirHop Essen ist die neue Attraktion im Herzen des Ruhrgebiets – Essener, packt eure Sportsachen ein und überzeugt euch selbst! Anmeldung nur über diesen Link: : https://www.rollerdigital.com/airhopessen/products/booknow#/sessions Plätze werden nach Verfügbarkeit vergeben Der Check-In vor Ort ist nur mit der USC-App möglich *inkludiert ist nur die reguläre Sprungsession, nicht aber Sonderveranstaltungen.', 'address': {'@type': 'PostalAddress', 'addressLocality': 'Essen, Germany', 'addressCountry': 'Germany', 'postalCode': '45307', 'streetAddress': 'Am Zehnthof 194'}, 'telephone': '+49 180 1 233210', 'geo': {'@type': 'GeoCoordinates', 'latitude': '51.458064', 'longitude': '7.072183'}, 'priceRange': '-', 'image': 'https://storage.googleapis.com/download/storage/v1/b/usc-pro-uscweb-live-media/o/de-live%2Foriginal_1024x576_Airhop_18.%20Juni%202016_008_S8CU3.jpg?alt=media'}",51.458064,7.072183,"Der AirHop Trampolinpark bringt eine neue Liga Trampolinspaß nach Essen! In Essen-Kray kannst du in einer der größten Trampolinhallen des Ruhrgebiets ordentlich was erleben: Auf über 3.400 Quadratmetern laden dich weitläufige Trampolinanlagen und zahlreiche Action-Features zum Springen, Spaß haben und Austoben ein! Das Sprung-Paradies für Jung und Alt befindet sich gut erreichbar auf dem Gelände neben dem GO! Fitness Center und dem Kids Country in Essen-Kray. In der mit High-End-Trampolinen ausgebauten Halle kannst du dich auf dem XXL Trampolinfeld auspowern, deine Wurftechnik beim Slam Dunk Basketball perfektionieren, krasse Sprünge in die Schaumstoff-Grube üben oder dich dem einzigartigen, unbesiegbaren Wipe Out stellen. Viele der Park-Features sind im Ruhrgebiet einzigartig! Ebenfalls verfügt der AirHop Trampolinpark über ein Café mit leckeren Snacks und Getränken – der ideale Ort für eine Verschnaufpause oder zum entspannten Beobachten der Springer und ihrer Sprungkünste. AirHop Essen ist die neue Attraktion im Herzen des Ruhrgebiets – Essener, packt eure Sportsachen ein und überzeugt euch selbst! Anmeldung nur über diesen Link: : https://www.rollerdigital.com/airhopessen/products/booknow#/sessions Plätze werden nach Verfügbarkeit vergeben Der Check-In vor Ort ist nur mit der USC-App möglich *inkludiert ist nur die reguläre Sprungsession, nicht aber Sonderveranstaltungen."
Neoliet Easy-Climb Essen,['Klettern'],False,"['L', 'XL']",L,Nordviertel,Graf-Beust-Allee 29b,https://urbansportsclub.com//de/venues/neoliet-kletterzentrum-essen,"{'@context': 'http://schema.org', '@type': 'LocalBusiness', 'name': 'Neoliet Easy-Climb Essen', 'description': '...mit Sicherheit im Neoliet! In unseren Kletterhallen in Essen - Nordviertel, Bochum und Mühlheim findest du alles rund um den Trendsport Klettern! Anfänger können in diesen faszinieren Sport reinschnuppern, das Sichern erlernen oder einfach nur Spaß haben. Für Profis gibt es ca. 1000 Routen in allen Schwierigkeitsgraden und alles was das Klettererherz sonst noch begehrt. Das Neoliet freut sich auf deinen Besuch oder deine Fragen!', 'address': {'@type': 'PostalAddress', 'addressLocality': 'Essen, Germany', 'addressCountry': 'Germany', 'postalCode': '45141', 'streetAddress': 'Graf-Beust-Allee 29b'}, 'telephone': '+49 201 85299628', 'geo': {'@type': 'GeoCoordinates', 'latitude': '51.4675133', 'longitude': '7.0277313'}, 'priceRange': '-', 'image': 'https://storage.googleapis.com/download/storage/v1/b/usc-pro-uscweb-live-media/o/de-live%2Foriginal_2032x1143_image3_1555427596505892_admin.jpeg?alt=media'}",51.4675133,7.0277313,"...mit Sicherheit im Neoliet! In unseren Kletterhallen in Essen - Nordviertel, Bochum und Mühlheim findest du alles rund um den Trendsport Klettern! Anfänger können in diesen faszinieren Sport reinschnuppern, das Sichern erlernen oder einfach nur Spaß haben. Für Profis gibt es ca. 1000 Routen in allen Schwierigkeitsgraden und alles was das Klettererherz sonst noch begehrt. Das Neoliet freut sich auf deinen Besuch oder deine Fragen!"
Boulderbar Neoliet Essen,['Bouldern'],False,"['L', 'XL']",L,Westviertel,Münchener Str. 106a,https://urbansportsclub.com//de/venues/boulderbar-neoliet-essen,"{'@context': 'http://schema.org', '@type': 'LocalBusiness', 'name': 'Boulderbar Neoliet Essen', 'description': 'In der Boulderbar wird ohne Seil und Gurt über Weichbodenmatten geklettert. Du brauchst dazu keinen Kurs, keine Vorkenntnisse und auch keinen Kletterpartner. Komm einfach vorbei, das Boulderbar Team erklärt dir wie es geht und du kannst sofort loslegen. Du brauchst nur sportliche Kleidung und Turnschuhe. Du bist Boulder- Neuling und möchtest eine kleine Einführung? Jeden Samstag zwischen 14 und 18 Uhr bietet die Boulderbar eine ca. 20 minütigen Einführung von einem ausgebildeten Bouldertrainer an. Der Trainer erklärt dir alles rund ums Bouldern und steht dir während der Stunde mit Tipps und Tricks zur Seite. Wir wünschen viel Spaß!', 'address': {'@type': 'PostalAddress', 'addressLocality': 'Essen, Germany', 'addressCountry': 'Germany', 'postalCode': '45145', 'streetAddress': 'Münchener Str. 106a'}, 'telephone': '', 'geo': {'@type': 'GeoCoordinates', 'latitude': '51.448148', 'longitude': '6.9867834'}, 'priceRange': '-', 'image': 'https://storage.googleapis.com/download/storage/v1/b/usc-pro-uscweb-live-media/o/de-live%2Foriginal_4032x2268_33f5c8b01862-Essen_Boulderbar_1663917755612222_admin.jpeg?generation=1663917755685302&amp;alt=media'}",51.448148,6.9867834,"In der Boulderbar wird ohne Seil und Gurt über Weichbodenmatten geklettert. Du brauchst dazu keinen Kurs, keine Vorkenntnisse und auch keinen Kletterpartner. Komm einfach vorbei, das Boulderbar Team erklärt dir wie es geht und du kannst sofort loslegen. Du brauchst nur sportliche Kleidung und Turnschuhe. Du bist Boulder- Neuling und möchtest eine kleine Einführung? Jeden Samstag zwischen 14 und 18 Uhr bietet die Boulderbar eine ca. 20 minütigen Einführung von einem ausgebildeten Bouldertrainer an. Der Trainer erklärt dir alles rund ums Bouldern und steht dir während der Stunde mit Tipps und Tricks zur Seite. Wir wünschen viel Spaß!"
Just Cryo Kältekammer,['Kryotherapie'],True,"['L', 'XL']",L,Rüttenscheid,Alfredstr. 64,https://urbansportsclub.com//de/venues/just-cryo-kaltekammer,"{'@context': 'http://schema.org', '@type': 'LocalBusiness', 'name': 'Just Cryo Kältekammer', 'description': 'In unserem Kältekammerzentrum auf der Alfredstr. 64, im Herzen von Essen-Rüttenscheid, findet Ihr die weltweit neueste und stärkste Einzelkältekammer (-85 Grad Celsius) der Marke Art of Cryo. Bei Just Cryo erlebt Ihr Kryotherapie und Ganzkörperkälteanwendungen bei echten Minustemperaturen während der gesamten Anwendungszeit. Um das zu gewährleisten, verfügt Just Cryo über eine Hochleistungs-Kältekammer von Art of Cryo. Während der Power-Regeneration könnt Ihr Euren Lieblingssong wählen und Euch so den absoluten Energiekick holen. Eure optimale Anwendungszeit und Anwendungs-Wiederholung wird bei uns durch die einzigartige RemediCool Software &amp; App auf Basis von Alter, Geschlecht, Gewicht, Körpergröße, Hauttyp, Anwendungsgebiet, körperlicher Verfassung und sportlicher Aktivität sekundengenau berechnet. Unser 3D-Körperscan von Scaneca zeigt Euch bereits nach wenigen Kältekammer-Anwendungen Eure Fortschritte. Kostenlose Parkplätze findet Ihr direkt vor der Tür oder in den Parkboxen an der Hauptstraße. Unsere Mitarbeiter sind zertifizierte Cryo-Operator für die Ganzkörperkältetherapie und stehen Euch bei Fragen rund um das Thema Kälteanwendung zur Seite. Auf Wunsch könnt Ihr Eure Kälteanwendungen alleine in vollster Privatsphäre und nach höchsten Sicherheitsstandards genießen. Bitte Handschuhe und Mütze mitbringen. Wir freuen uns auf Euren Besuch! Euer Just Cryo Team', 'address': {'@type': 'PostalAddress', 'addressLocality': 'Essen, Germany', 'addressCountry': 'Germany', 'postalCode': '45130', 'streetAddress': 'Alfredstr. 64'}, 'telephone': '', 'geo': {'@type': 'GeoCoordinates', 'latitude': '51.4361874', 'longitude': '7.0023789'}, 'priceRange': '-', 'image': 'https://storage.googleapis.com/download/storage/v1/b/usc-pro-uscweb-live-media/o/de-live%2Foriginal_1024x576_urban%20%201_1648195778227223_admin.jpeg?generation=1648195778324641&amp;alt=media'}",51.4361874,7.0023789,"In unserem Kältekammerzentrum auf der Alfredstr. 64, im Herzen von Essen-Rüttenscheid, findet Ihr die weltweit neueste und stärkste Einzelkältekammer (-85 Grad Celsius) der Marke Art of Cryo. Bei Just Cryo erlebt Ihr Kryotherapie und Ganzkörperkälteanwendungen bei echten Minustemperaturen während der gesamten Anwendungszeit. Um das zu gewährleisten, verfügt Just Cryo über eine Hochleistungs-Kältekammer von Art of Cryo. Während der Power-Regeneration könnt Ihr Euren Lieblingssong wählen und Euch so den absoluten Energiekick holen. Eure optimale Anwendungszeit und Anwendungs-Wiederholung wird bei uns durch die einzigartige RemediCool Software &amp; App auf Basis von Alter, Geschlecht, Gewicht, Körpergröße, Hauttyp, Anwendungsgebiet, körperlicher Verfassung und sportlicher Aktivität sekundengenau berechnet. Unser 3D-Körperscan von Scaneca zeigt Euch bereits nach wenigen Kältekammer-Anwendungen Eure Fortschritte. Kostenlose Parkplätze findet Ihr direkt vor der Tür oder in den Parkboxen an der Hauptstraße. Unsere Mitarbeiter sind zertifizierte Cryo-Operator für die Ganzkörperkältetherapie und stehen Euch bei Fragen rund um das Thema Kälteanwendung zur Seite. Auf Wunsch könnt Ihr Eure Kälteanwendungen alleine in vollster Privatsphäre und nach höchsten Sicherheitsstandards genießen. Bitte Handschuhe und Mütze mitbringen. Wir freuen uns auf Euren Besuch! Euer Just Cryo Team"
Pranava Yoga - Irina Freihold,['Yoga'],False,"['M', 'L', 'XL']",M,Stadtbezirke II,Krawehlstraße 7,https://urbansportsclub.com//de/venues/pranava-yoga-irina-freihold,"{'@context': 'http://schema.org', '@type': 'LocalBusiness', 'name': 'Pranava Yoga - Irina Freihold', 'description': 'Das Yogastudio Pranava Yoga ist im innenstadtnahen belebten Essener Stadtteil Rüttenscheid zu finden. Hier findest du undogmatischen, zeitgemäßen Yogaunterricht auf hohem Niveau. Anfänger*innen und Fortgeschrittene sind gleichermaßen willkommen. Der Schwerpunkt des vielfältigen Kursplanes liegt auf kraftvollem, kreativem und alignmentbasiertem Vinyasa Yoga. Außerdem findest Du auch Trends wie Katonah Yoga, Yin Yoga, Atemarbeit bzw. Breathwork und Sound Healing bei uns im Yogastudio. Die Kurse finden in Form von Gruppenunterricht statt. Der helle Yogaraum mit seinen bodentiefen Fenstern und einem Blick ins Grüne, lädt Dich ein den Trubel des Alltags zu entfliehen und in unserer Ruheoase im Herzen Rüttenscheids zu entspannen. Eine Wellnessauszeit für Körper und Geist! Unser schönes Yogastudio befindet sich in direkter Nähe zum Rüttenscheider Stern Anschlussstellen des ÖPNV befinden sich in direkter Nähe mit den Linien: U11, 101/106, 108 Haltestelle Rüttenscheider Stern. Wir freuen uns auf Dich!', 'address': {'@type': 'PostalAddress', 'addressLocality': 'Essen, Germany', 'addressCountry': 'Germany', 'postalCode': '45130', 'streetAddress': 'Krawehlstraße 7'}, 'telephone': '', 'geo': {'@type': 'GeoCoordinates', 'latitude': '51.4394559', 'longitude': '7.0053571'}, 'priceRange': '-', 'image': 'https://storage.googleapis.com/download/storage/v1/b/usc-pro-uscweb-live-media/o/de-live%2Foriginal_4032x2268_c02576464326-IMG_0064_1701251927143858_admin.jpeg?generation=1701251927278761&amp;alt=media'}",51.4394559,7.0053571,"Das Yogastudio Pranava Yoga ist im innenstadtnahen belebten Essener Stadtteil Rüttenscheid zu finden. Hier findest du undogmatischen, zeitgemäßen Yogaunterricht auf hohem Niveau. Anfänger*innen und Fortgeschrittene sind gleichermaßen willkommen. Der Schwerpunkt des vielfältigen Kursplanes liegt auf kraftvollem, kreativem und alignmentbasiertem Vinyasa Yoga. Außerdem findest Du auch Trends wie Katonah Yoga, Yin Yoga, Atemarbeit bzw. Breathwork und Sound Healing bei uns im Yogastudio. Die Kurse finden in Form von Gruppenunterricht statt. Der helle Yogaraum mit seinen bodentiefen Fenstern und einem Blick ins Grüne, lädt Dich ein den Trubel des Alltags zu entfliehen und in unserer Ruheoase im Herzen Rüttenscheids zu entspannen. Eine Wellnessauszeit für Körper und Geist! Unser schönes Yogastudio befindet sich in direkter Nähe zum Rüttenscheider Stern Anschlussstellen des ÖPNV befinden sich in direkter Nähe mit den Linien: U11, 101/106, 108 Haltestelle Rüttenscheider Stern. Wir freuen uns auf Dich!"
Eva Pilates,"['Barre', 'Fitness', 'Pilates', 'Yoga']",False,"['L', 'XL']",L,Rüttenscheid,Gudulastr. 5,https://urbansportsclub.com//de/venues/eva-pilates,"{'@context': 'http://schema.org', '@type': 'LocalBusiness', 'name': 'Eva Pilates', 'description': 'Eva Pilates ist ein Pilates-Studio mitten in Essen-Rüttenscheid und bietet Pilates-Unterricht auf hohem Niveau. Es gibt viele verschiedene Mattenstunden bei unterschiedlichen Trainern, die alle zertifiert sind und mit viel Leidenschaft unterrichten. Zusätzlich zu den Pilates-Kursen gibt es Barre Workout - ein intensives &amp; effektives Training an der Ballettstange - und Pilates für Mütter nach der Schwangerschaft.', 'address': {'@type': 'PostalAddress', 'addressLocality': 'Essen, Germany', 'addressCountry': 'Germany', 'postalCode': '45131', 'streetAddress': 'Gudulastr. 5'}, 'telephone': '', 'geo': {'@type': 'GeoCoordinates', 'latitude': '51.432964', 'longitude': '7.0103487'}, 'priceRange': '-', 'image': 'https://storage.googleapis.com/download/storage/v1/b/usc-pro-uscweb-live-media/o/de-live%2Foriginal_2048x1152_15384389_1317467534982921_4233949753625873610_o.jpg?alt=media'}",51.432964,7.0103487,"Eva Pilates ist ein Pilates-Studio mitten in Essen-Rüttenscheid und bietet Pilates-Unterricht auf hohem Niveau. Es gibt viele verschiedene Mattenstunden bei unterschiedlichen Trainern, die alle zertifiert sind und mit viel Leidenschaft unterrichten. Zusätzlich zu den Pilates-Kursen gibt es Barre Workout - ein intensives &amp; effektives Training an der Ballettstange - und Pilates für Mütter nach der Schwangerschaft."
Rosemarie Lill - Massagen,"['Massage', 'Qi Gong und Tai Chi']",True,"['L', 'XL']",L,Rüttenscheid,Klarastr. 47,https://urbansportsclub.com//de/venues/rosemarie-lill-massagen,"{'@context': 'http://schema.org', '@type': 'LocalBusiness', 'name': 'Rosemarie Lill - Massagen', 'description': 'Gönne dir etwas &quot;Ruhe und Zeit&quot; für dich. Nimm dir eine Auszeit vom stressigen Alltag und tu etwas für deinen Körper und deinen Geist oder lass dich sportlich massieren und geh fit in den Tag.', 'address': {'@type': 'PostalAddress', 'addressLocality': 'Essen, Germany', 'addressCountry': 'Germany', 'postalCode': '45130', 'streetAddress': 'Klarastr. 47'}, 'telephone': '', 'geo': {'@type': 'GeoCoordinates', 'latitude': '51.4390514', 'longitude': '7.0097668'}, 'priceRange': '-', 'image': 'https://storage.googleapis.com/download/storage/v1/b/usc-pro-uscweb-live-media/o/de-live%2Foriginal_1080x608_Screenshot_2023-03-01-06-25-01-101-edit_com.android.chrome_1679673613757621_admin.jpg?generation=1679673613834818&amp;alt=media'}",51.4390514,7.0097668,Gönne dir etwas &quot;Ruhe und Zeit&quot; für dich. Nimm dir eine Auszeit vom stressigen Alltag und tu etwas für deinen Körper und deinen Geist oder lass dich sportlich massieren und geh fit in den Tag.
element yoga - Studio 1,['Yoga'],False,"['M', 'L', 'XL']",M,Kettwig,Ruhrstr.69a,https://urbansportsclub.com//de/venues/element-yoga-essen,"{'@context': 'http://schema.org', '@type': 'LocalBusiness', 'name': 'element yoga - Studio 1', 'description': 'Wir freuen uns über Dein Interesse! Was uns Besonders macht? In unserem seit 14 Jahren etablierten Yoga Studio kannst Du Schritt für Schritt mit Fokus auf Deine exakte Körperpraxis sowie Atem- und Entspannungs-techniken in die Welt des traditionellen Hatha Yoga einsteigen. Zudem bieten wir aber auch modernes, fliessendes Vinyasa Power Yoga, das den Fokus auf Deine Kondition und energetische Ausrichtung legt. Auch die Kombination beider Yoga Richtungen ist möglich. Besonders bei uns ist auch das hohe Maß an Flexibilität, denn mit Deiner Karte oder membership ist die wöchentliche flexible Teilnahme unter dem gesamten Kursangebot frei wählbar. Unser Kursangebot umfasst zudem ein breites Familienangebot , z.B. für Kinder, Mütter mit Baby oder Schwangere. Regelmäßige Workshops im Bereich von Faszien-Yoga runden das Programm ab. Der Einstieg ist jederzeit für Dich möglich, wenn Du es möglich machst ! Wir freuen uns auf Dich!', 'address': {'@type': 'PostalAddress', 'addressLocality': 'Essen, Germany', 'addressCountry': 'Germany', 'postalCode': '45219', 'streetAddress': 'Ruhrstr.69a'}, 'telephone': '+49 2054 8606447', 'geo': {'@type': 'GeoCoordinates', 'latitude': '51.362228753', 'longitude': '6.937611037'}, 'priceRange': '-', 'image': 'https://storage.googleapis.com/download/storage/v1/b/usc-pro-uscweb-live-media/o/de-live%2Foriginal_1253x705_0e121847f80b-yoga_studio_13Jahre_facebook_1684162582637193_admin.jpg?generation=1684162582710944&amp;alt=media'}",51.362228753,6.937611037,"Wir freuen uns über Dein Interesse! Was uns Besonders macht? In unserem seit 14 Jahren etablierten Yoga Studio kannst Du Schritt für Schritt mit Fokus auf Deine exakte Körperpraxis sowie Atem- und Entspannungs-techniken in die Welt des traditionellen Hatha Yoga einsteigen. Zudem bieten wir aber auch modernes, fliessendes Vinyasa Power Yoga, das den Fokus auf Deine Kondition und energetische Ausrichtung legt. Auch die Kombination beider Yoga Richtungen ist möglich. Besonders bei uns ist auch das hohe Maß an Flexibilität, denn mit Deiner Karte oder membership ist die wöchentliche flexible Teilnahme unter dem gesamten Kursangebot frei wählbar. Unser Kursangebot umfasst zudem ein breites Familienangebot , z.B. für Kinder, Mütter mit Baby oder Schwangere. Regelmäßige Workshops im Bereich von Faszien-Yoga runden das Programm ab. Der Einstieg ist jederzeit für Dich möglich, wenn Du es möglich machst ! Wir freuen uns auf Dich!"
Yogabüdchen,['Yoga'],False,"['M', 'L', 'XL']",M,Holsterhausen,Albrecht Str. 22,https://urbansportsclub.com//de/venues/yogabudchen,"{'@context': 'http://schema.org', '@type': 'LocalBusiness', 'name': 'Yogabüdchen', 'description': 'Du bist interessiert an Yoga, weil Du Rückenprobleme hast oder einfach etwas Gutes für Dich und Deinen Körper tun möchtest? Dann bist Du hier richtig: Yoga unterstützt unsere Aufrichtung, verleiht ein gutes Körpergefühl und gibt innere Balance. Blockaden werden abgebaut, Verkrampfungen gelöst und die Muskulatur gestärkt. Kurz gesagt: Yoga tut einfach gut! Vielleicht ist das Yogabüdchen genau in Deinem Kiez in Holsterhausen. Drei Yogaangebote stehen zur Wahl: Starker Rücken zeichnet sich aus durch das Zusammenspiel von Asanas zur Lockerung, Entspannung und auch Kräftigung. Wir üben viele Asanas vor allem für den unteren Rücken, aber auch Schultern und Nacken. Beim Yin Yoga kommt das Fasziengewebe nicht zu kurz. Die Asanas werden entspannt eingenommen und der Körper kommt so richtig zur Ruhe. NEU: After-Work-Yoga - eine Mischung aus kraftvollen Asanas und sanften Yin-Einheiten.', 'address': {'@type': 'PostalAddress', 'addressLocality': 'Essen, Germany', 'addressCountry': 'Germany', 'postalCode': '45130', 'streetAddress': 'Albrecht Str. 22'}, 'telephone': '+49 176 53640450', 'geo': {'@type': 'GeoCoordinates', 'latitude': '51.4403528', 'longitude': '6.9984177'}, 'priceRange': '-', 'image': 'https://storage.googleapis.com/download/storage/v1/b/usc-pro-uscweb-live-media/o/de-live%2Foriginal_1100x619_Bildschirmfoto%202017-11-10%20um%2014.22.55.png?alt=media'}",51.4403528,6.9984177,"Du bist interessiert an Yoga, weil Du Rückenprobleme hast oder einfach etwas Gutes für Dich und Deinen Körper tun möchtest? Dann bist Du hier richtig: Yoga unterstützt unsere Aufrichtung, verleiht ein gutes Körpergefühl und gibt innere Balance. Blockaden werden abgebaut, Verkrampfungen gelöst und die Muskulatur gestärkt. Kurz gesagt: Yoga tut einfach gut! Vielleicht ist das Yogabüdchen genau in Deinem Kiez in Holsterhausen. Drei Yogaangebote stehen zur Wahl: Starker Rücken zeichnet sich aus durch das Zusammenspiel von Asanas zur Lockerung, Entspannung und auch Kräftigung. Wir üben viele Asanas vor allem für den unteren Rücken, aber auch Schultern und Nacken. Beim Yin Yoga kommt das Fasziengewebe nicht zu kurz. Die Asanas werden entspannt eingenommen und der Körper kommt so richtig zur Ruhe. NEU: After-Work-Yoga - eine Mischung aus kraftvollen Asanas und sanften Yin-Einheiten."
Pilates Dorothee Strathmann,['Pilates'],False,"['L', 'XL']",L,Rüttenscheid,Annastraße 68,https://urbansportsclub.com//de/venues/pilates-dorothee-strathmann,"{'@context': 'http://schema.org', '@type': 'LocalBusiness', 'name': 'Pilates Dorothee Strathmann', 'description': 'Du möchtest Pilates erlernen, oder Du hast bereits Pilates-Erfahrungen? Dann bist Du in meinem Pilates Studio herzlich willkommen! Bei Pilates Dorothee Strathmann erreichst Du unter professioneller Anleitung bei regelmäßigem Training beachtliche Erfolge. Du wirst nicht nur beweglicher und stärker, sondern erzielst eine gute Körperhaltung und ein gutes Körpergefühl und somit eine positive Ausstrahlung. Mehr Infos über mein Studio, meine Angebote und über mich findest Du auf meiner Website www.pilates-in-essen.de', 'address': {'@type': 'PostalAddress', 'addressLocality': 'Essen, Germany', 'addressCountry': 'Germany', 'postalCode': '45130', 'streetAddress': 'Annastraße 68'}, 'telephone': '', 'geo': {'@type': 'GeoCoordinates', 'latitude': '51.4403312', 'longitude': '7.0091977'}, 'priceRange': '-', 'image': 'https://storage.googleapis.com/download/storage/v1/b/usc-pro-uscweb-live-media/o/de-live%2Foriginal_1024x576_LMF_9695_1540284103316681_admin.jpg?alt=media'}",51.4403312,7.0091977,"Du möchtest Pilates erlernen, oder Du hast bereits Pilates-Erfahrungen? Dann bist Du in meinem Pilates Studio herzlich willkommen! Bei Pilates Dorothee Strathmann erreichst Du unter professioneller Anleitung bei regelmäßigem Training beachtliche Erfolge. Du wirst nicht nur beweglicher und stärker, sondern erzielst eine gute Körperhaltung und ein gutes Körpergefühl und somit eine positive Ausstrahlung. Mehr Infos über mein Studio, meine Angebote und über mich findest Du auf meiner Website www.pilates-in-essen.de"
Physiotherapie Phillip Dörmann,['Massage'],True,"['L', 'XL']",L,Bergerhausen,Rüttenscheider Str. 188,https://urbansportsclub.com//de/venues/physiotherapie-phillip-dormann,"{'@context': 'http://schema.org', '@type': 'LocalBusiness', 'name': 'Physiotherapie Phillip Dörmann', 'description': 'Herzlich Willkommen bei der Physiotherapie Phillip Dörmann! In der Praxis von Phillip kannst du dich entspannen und fallen lassen. Eine Massage zur Regenerierung und Prävention ist Deine kleine Flucht aus dem Alltagsstress. Egal ob Morgens, Mittags, Abends – für eine entspannende und gesundheitsfördernde Massage ist jede Tageszeit genau die richtige Zeit, um Kraft zu tanken, die Seele baumeln zu lassen und dem Körper etwas Gutes zu tun. Denn neben dem Wohlfühlen kann eine Massage auch etwas zu deiner Gesundheit beitragen, Verspannungen lösen und Disbalancen harmonisieren.', 'address': {'@type': 'PostalAddress', 'addressLocality': 'Essen, Germany', 'addressCountry': 'Germany', 'postalCode': '45131', 'streetAddress': 'Rüttenscheider Str. 188'}, 'telephone': '+49 201 75977039', 'geo': {'@type': 'GeoCoordinates', 'latitude': '51.4277178', 'longitude': '7.0025006'}, 'priceRange': '-', 'image': 'https://storage.googleapis.com/download/storage/v1/b/usc-pro-uscweb-live-media/o/de-live%2Foriginal_1024x576_17553688_1492754427415004_525707147403608016_n%20resized.jpg?alt=media'}",51.4277178,7.0025006,"Herzlich Willkommen bei der Physiotherapie Phillip Dörmann! In der Praxis von Phillip kannst du dich entspannen und fallen lassen. Eine Massage zur Regenerierung und Prävention ist Deine kleine Flucht aus dem Alltagsstress. Egal ob Morgens, Mittags, Abends – für eine entspannende und gesundheitsfördernde Massage ist jede Tageszeit genau die richtige Zeit, um Kraft zu tanken, die Seele baumeln zu lassen und dem Körper etwas Gutes zu tun. Denn neben dem Wohlfühlen kann eine Massage auch etwas zu deiner Gesundheit beitragen, Verspannungen lösen und Disbalancen harmonisieren."
Ai Fitness - Studio Essen-Kray,"['Entspannung', 'Fitness', 'Funktionelles Training', 'Pilates', 'Tanzen', 'Yoga']",False,"['S', 'M', 'L', 'XL']",S,Kray,Am Luftschacht 11,https://urbansportsclub.com//de/venues/ai-fitness-studio-essen-kray,"{'@context': 'http://schema.org', '@type': 'LocalBusiness', 'name': 'Ai Fitness - Studio Essen-Kray', 'description': 'Als eine der am schnellsten wachsenden und innovativsten Fitnessstudioketten in Deutschland, ist der Kern unseres Unternehmens eine ehrliche Leidenschaft für Fitness, Gesundheit und Wellbeing. Ziel ist es, unseren Mitgliedern ein erstklassiges Fitnesserlebnis zu bieten, das begeistert, motiviert und dabei erschwinglich bleibt. Um dies zu erreichen, verfolgt Ai Fitness seit 2003 einen ganzheitlichen Ansatz, der auf vier verschiedenen Säulen beruht: Hohe Servicequalität, niedrige Preise All inclusive an 365 Tagen im Jahr. Wir bieten ein herausragendes Leistungsangebot und das zu einem fairen und transparenten Preis. Vielfalt in Training und Ausstattung Fitnesstraining hat sich in den letzten Jahren extrem diversifiziert. Unsere Trainingsmöglichkeiten spiegeln dies wieder und bieten für jeden etwas. Angenehmes Umfeld und Ambiente In jedem unserer Studios hat eine angenehme Trainingsatmosphäre oberste Priorität. So sorgen wir für Motivation und Erfolg im Training. Effiziente Strukturen und Abläufe Mit über 20 Jahren Erfahrung in der Branche wissen wir, worauf es ankommt. Das Ergebnis ist ein erstklassiger Service bei gleichzeitig niedrigen Preisen. Wir kombinieren diese Erfolgsfaktoren zu einem Rundum-Sorglos-Paket, dass jedem Mitglied an 365 Tagen im Jahr zur Verfügung steht. Dabei richtet sich unser Angebot an ein breites Publikum – egal ob Anfänger, Hobbysportler oder fortgeschrittener Athlet – jeder findet hier sein sportliches Zuhause und eine erstklassige Betreuung. In der Praxis findet sich dieses Konzept in der Studiogestaltung wieder. Jeder Ai Fitnessclub ist gemäß der unterschiedlichen Trainingskonzepte in verschiedene Bereiche unterteilt: Funktionales Training, klassisches Gerätetraining, Fitnesskurse, Zirkeltraining oder Cardio – hier findet jeder seinen ganz eigenen Lieblingsbereich. Mit zertifizierten Trainern, einer großen Bandbreite an Trainingsmöglichkeiten, State of the Art-Fitnessequipment, einem vielseitigen Kursangebot, Gesundheitscheck und innovativen Sonderleistungen haben wir den Begriff all inclusive Fitness etabliert. Abgerundet wird dieses attraktive Gesamtpaket durch eine offene und lichtdurchflutete Architektur, hochwertige Umkleiden und Sanitärbereiche mit kostenlosen Duschen sowie unserem stets hilfsbereites Personal. In unseren Studios schaffen wir eine einzigartige Atmosphäre, in der jeder willkommen ist und sich wohlfühlen kann. Unsere Mitglieder sollen sich dabei nicht nur als Kunden, sondern Teil einer inspirierenden und motivierenden Community verstehen. Mit regelmäßigen Aktionen und dynamischen After-Work-Events schaffen wir ein vertrauensvolles Umfeld, das sonst oftmals durch Anonymität gekennzeichnet ist. Fitness in Wohlfühl-Atmosphäre – denn nur wer sich wirklich wohlfühlt, kommt auch gerne zum Training und hat langfristig Erfolg. Und der Trainingserfolg unserer Mitglieder ist dabei unsere Leidenschaft. Ein Ai Fitnessstudio findet sich bestimmt auch in deiner Nähe. Überzeuge dich selbst und lerne uns im Rahmen eines kostenlosen Probetrainings kennen. Wir freuen uns auf dich. Ai Fitness - Erlebe den Unterschied! Bitte schaue vor deinem Besuch in die Hausordnung: https://www.ai-fitness.de/service/hausordnung', 'address': {'@type': 'PostalAddress', 'addressLocality': 'Essen, Germany', 'addressCountry': 'Germany', 'postalCode': '45307', 'streetAddress': 'Am Luftschacht 11'}, 'telephone': '', 'geo': {'@type': 'GeoCoordinates', 'latitude': '51.46042', 'longitude': '7.06786'}, 'priceRange': '-', 'image': 'https://urbansportsclub.com/images/merchant/venueHome.jpg'}",51.46042,7.06786,"Als eine der am schnellsten wachsenden und innovativsten Fitnessstudioketten in Deutschland, ist der Kern unseres Unternehmens eine ehrliche Leidenschaft für Fitness, Gesundheit und Wellbeing. Ziel ist es, unseren Mitgliedern ein erstklassiges Fitnesserlebnis zu bieten, das begeistert, motiviert und dabei erschwinglich bleibt. Um dies zu erreichen, verfolgt Ai Fitness seit 2003 einen ganzheitlichen Ansatz, der auf vier verschiedenen Säulen beruht: Hohe Servicequalität, niedrige Preise All inclusive an 365 Tagen im Jahr. Wir bieten ein herausragendes Leistungsangebot und das zu einem fairen und transparenten Preis. Vielfalt in Training und Ausstattung Fitnesstraining hat sich in den letzten Jahren extrem diversifiziert. Unsere Trainingsmöglichkeiten spiegeln dies wieder und bieten für jeden etwas. Angenehmes Umfeld und Ambiente In jedem unserer Studios hat eine angenehme Trainingsatmosphäre oberste Priorität. So sorgen wir für Motivation und Erfolg im Training. Effiziente Strukturen und Abläufe Mit über 20 Jahren Erfahrung in der Branche wissen wir, worauf es ankommt. Das Ergebnis ist ein erstklassiger Service bei gleichzeitig niedrigen Preisen. Wir kombinieren diese Erfolgsfaktoren zu einem Rundum-Sorglos-Paket, dass jedem Mitglied an 365 Tagen im Jahr zur Verfügung steht. Dabei richtet sich unser Angebot an ein breites Publikum – egal ob Anfänger, Hobbysportler oder fortgeschrittener Athlet – jeder findet hier sein sportliches Zuhause und eine erstklassige Betreuung. In der Praxis findet sich dieses Konzept in der Studiogestaltung wieder. Jeder Ai Fitnessclub ist gemäß der unterschiedlichen Trainingskonzepte in verschiedene Bereiche unterteilt: Funktionales Training, klassisches Gerätetraining, Fitnesskurse, Zirkeltraining oder Cardio – hier findet jeder seinen ganz eigenen Lieblingsbereich. Mit zertifizierten Trainern, einer großen Bandbreite an Trainingsmöglichkeiten, State of the Art-Fitnessequipment, einem vielseitigen Kursangebot, Gesundheitscheck und innovativen Sonderleistungen haben wir den Begriff all inclusive Fitness etabliert. Abgerundet wird dieses attraktive Gesamtpaket durch eine offene und lichtdurchflutete Architektur, hochwertige Umkleiden und Sanitärbereiche mit kostenlosen Duschen sowie unserem stets hilfsbereites Personal. In unseren Studios schaffen wir eine einzigartige Atmosphäre, in der jeder willkommen ist und sich wohlfühlen kann. Unsere Mitglieder sollen sich dabei nicht nur als Kunden, sondern Teil einer inspirierenden und motivierenden Community verstehen. Mit regelmäßigen Aktionen und dynamischen After-Work-Events schaffen wir ein vertrauensvolles Umfeld, das sonst oftmals durch Anonymität gekennzeichnet ist. Fitness in Wohlfühl-Atmosphäre – denn nur wer sich wirklich wohlfühlt, kommt auch gerne zum Training und hat langfristig Erfolg. Und der Trainingserfolg unserer Mitglieder ist dabei unsere Leidenschaft. Ein Ai Fitnessstudio findet sich bestimmt auch in deiner Nähe. Überzeuge dich selbst und lerne uns im Rahmen eines kostenlosen Probetrainings kennen. Wir freuen uns auf dich. Ai Fitness - Erlebe den Unterschied! Bitte schaue vor deinem Besuch in die Hausordnung: https://www.ai-fitness.de/service/hausordnung"
Yoga Arts,['Yoga'],False,"['L', 'XL']",L,Stadtwald,Frankenstr. 280,https://urbansportsclub.com//de/venues/yoga-arts,"{'@context': 'http://schema.org', '@type': 'LocalBusiness', 'name': 'Yoga Arts', 'description': 'Im Yogastudio Yoga Arts in Essen - Stadtwald erwartet dich Yoga in einer zeitgemäßen Form: fundiertes Yoga-Wissen klar vermittelt. Der Unterricht zeichnet sich durch Präzision und Konzentration aus. Kraftaufbau und Loslassen. Energieaufladung und Entspannung. Eine liebevolle Atmosphäre fördert den Raum für Inspiration und positiver Veränderung. Nachhaltige Erholung und erfrischende Energie sind die Folge, so dass wir mit mehr Klarheit durch die Turbulenzen des Lebens navigieren können. Yoga Arts bietet Dir Ashtangayoga in der Tradition Sri K. Pattabhi Jois&#039;, Yin Yoga, Rückenyoga, Hatha Yoga und andere Kurse und Workshops im Essener Süden. Die Stunden sind offen für jeden - egal welchen Alters. Einstieg in die laufenden Kurse ist jederzeit möglich. Das Team freut sich auf dich !', 'address': {'@type': 'PostalAddress', 'addressLocality': 'Essen, Germany', 'addressCountry': 'Germany', 'postalCode': '45134', 'streetAddress': 'Frankenstr. 280'}, 'telephone': '+49 201 6159719', 'geo': {'@type': 'GeoCoordinates', 'latitude': '51.420348', 'longitude': '7.0245666'}, 'priceRange': '-', 'image': 'https://storage.googleapis.com/download/storage/v1/b/usc-pro-uscweb-live-media/o/de-live%2Foriginal_2000x1125__02A0993_1583746587947109_admin.jpeg?alt=media'}",51.420348,7.0245666,"Im Yogastudio Yoga Arts in Essen - Stadtwald erwartet dich Yoga in einer zeitgemäßen Form: fundiertes Yoga-Wissen klar vermittelt. Der Unterricht zeichnet sich durch Präzision und Konzentration aus. Kraftaufbau und Loslassen. Energieaufladung und Entspannung. Eine liebevolle Atmosphäre fördert den Raum für Inspiration und positiver Veränderung. Nachhaltige Erholung und erfrischende Energie sind die Folge, so dass wir mit mehr Klarheit durch die Turbulenzen des Lebens navigieren können. Yoga Arts bietet Dir Ashtangayoga in der Tradition Sri K. Pattabhi Jois&#039;, Yin Yoga, Rückenyoga, Hatha Yoga und andere Kurse und Workshops im Essener Süden. Die Stunden sind offen für jeden - egal welchen Alters. Einstieg in die laufenden Kurse ist jederzeit möglich. Das Team freut sich auf dich !"
Fitness First Dorsten,"['Fitness', 'Funktionelles Training', 'Yoga']",False,"['M', 'L', 'XL']",M,Dorsten,Fürst-Leopold-Allee 77,https://urbansportsclub.com//de/venues/fitnessloft-dorsten,"{'@context': 'http://schema.org', '@type': 'LocalBusiness', 'name': 'Fitness First Dorsten', 'description': 'FITNESSLOFT FITNESS NEU ERLEBEN. „Fitness neu erleben“ – hier stehst Du im Mittelpunkt. Seit der Gründung 2009 breitet sich das FitnessLOFT mit seinem individuellen Lifestyle-Entwurf stetig weiter aus. Wir beweisen, was andere nur versprechen: Im LOFT erreichst Du Deine Ziele – ohne Kompromiss! Wie das geht? Qualitative Ausstattung und loftiges Ambiente schaffen einen Wohlfühlort, den Du am liebsten gar nicht mehr verlassen möchtest. Moderne Geräte, fundierte Trainingsmethoden und eigens ausgebildete Trainer sind dem FitnessLOFT wichtig. Dank Kraft- und Cardiogeräten, dem populären TRX- und Vibrationstraining sowie dem modernen, chipgesteuerten milon Zirkel können Mitglieder sich in die Form ihres Lebens trainieren. Deine Workout-Buddys dürfen nicht fehlen? Bei dem im Monat 200 Kurse umfassenden Kursprogramm bleibt kein T-Shirt trocken – zusammen schafft ihr alles! Von Zumba® über Langhantelkurse bis hin zu Pilates kann sich ordentlich ausgepowert werden - und das zu einem fairen Preis-Leistungsverhältnis. Du willst Teil der Fitnessloft-Community werden? Dann verschaffe Dir einen eigenen Eindruck und besuche uns. Das FitnessLOFT-Team freut sich auf Dich.', 'address': {'@type': 'PostalAddress', 'addressLocality': 'Essen, Germany', 'addressCountry': 'Germany', 'postalCode': '46284', 'streetAddress': 'Fürst-Leopold-Allee 77'}, 'telephone': '', 'geo': {'@type': 'GeoCoordinates', 'latitude': '51.673526', 'longitude': '6.9851786'}, 'priceRange': '-', 'image': 'https://storage.googleapis.com/download/storage/v1/b/usc-pro-uscweb-live-media/o/de-live%2Foriginal_640x360_xonrdyoa9ehxwhe1ikfm_1699346058348212.png?generation=1699346058448558&amp;alt=media'}",51.673526,6.9851786,"FITNESSLOFT FITNESS NEU ERLEBEN. „Fitness neu erleben“ – hier stehst Du im Mittelpunkt. Seit der Gründung 2009 breitet sich das FitnessLOFT mit seinem individuellen Lifestyle-Entwurf stetig weiter aus. Wir beweisen, was andere nur versprechen: Im LOFT erreichst Du Deine Ziele – ohne Kompromiss! Wie das geht? Qualitative Ausstattung und loftiges Ambiente schaffen einen Wohlfühlort, den Du am liebsten gar nicht mehr verlassen möchtest. Moderne Geräte, fundierte Trainingsmethoden und eigens ausgebildete Trainer sind dem FitnessLOFT wichtig. Dank Kraft- und Cardiogeräten, dem populären TRX- und Vibrationstraining sowie dem modernen, chipgesteuerten milon Zirkel können Mitglieder sich in die Form ihres Lebens trainieren. Deine Workout-Buddys dürfen nicht fehlen? Bei dem im Monat 200 Kurse umfassenden Kursprogramm bleibt kein T-Shirt trocken – zusammen schafft ihr alles! Von Zumba® über Langhantelkurse bis hin zu Pilates kann sich ordentlich ausgepowert werden - und das zu einem fairen Preis-Leistungsverhältnis. Du willst Teil der Fitnessloft-Community werden? Dann verschaffe Dir einen eigenen Eindruck und besuche uns. Das FitnessLOFT-Team freut sich auf Dich."
Samtosha Dorsten,['Yoga'],False,"['M', 'L', 'XL']",M,Dorsten,Burgsdorffstraße 78,https://urbansportsclub.com//de/venues/samtosha-dorsten,"{'@context': 'http://schema.org', '@type': 'LocalBusiness', 'name': 'Samtosha Dorsten', 'description': 'Samtosha heißt übersetzt: Zufriedenheit, die aus der inneren Mitte entspringt. Wir hoffen dies durch unsere Liebe und Leidenschaft zu unserer Arbeit unseren Kunden näher bringen zu können. Seit nun schon dreizehn Jahren begleiten wir Menschen auf ihrem individuellem Weg Yoga für sich zu entdecken und so Zufriedenheit, Entspannung, Kraft und inneren Frieden in ihr Leben einzuladen Im August 2019 haben wir Zuwachs bekommen. Unser helles Yoga Studio liegt ruhig aber doch zentral im Herzen von Marl. Hier erwarten dich Kurse und Workshops mit kompetenter Betreuung. Ob du dich beim kraftvollen Vinyasa Yoga auspowern, durch Yin Yoga Loslassen lernen und komplett entspannen oder beim Mild Yoga deine Gedanken zur Ruhe bringen magst, entscheidest du selbst. Bei uns ist für jeden etwas dabei.', 'address': {'@type': 'PostalAddress', 'addressLocality': 'Essen, Germany', 'addressCountry': 'Germany', 'postalCode': '46284', 'streetAddress': 'Burgsdorffstraße 78'}, 'telephone': '', 'geo': {'@type': 'GeoCoordinates', 'latitude': '51.6697936', 'longitude': '6.9868913'}, 'priceRange': '-', 'image': 'https://storage.googleapis.com/download/storage/v1/b/usc-pro-uscweb-live-media/o/de-live%2Foriginal_1688x950_Yoga%20(1)_1700813125467172_admin.jpg?generation=1700813125540996&amp;alt=media'}",51.6697936,6.9868913,"Samtosha heißt übersetzt: Zufriedenheit, die aus der inneren Mitte entspringt. Wir hoffen dies durch unsere Liebe und Leidenschaft zu unserer Arbeit unseren Kunden näher bringen zu können. Seit nun schon dreizehn Jahren begleiten wir Menschen auf ihrem individuellem Weg Yoga für sich zu entdecken und so Zufriedenheit, Entspannung, Kraft und inneren Frieden in ihr Leben einzuladen Im August 2019 haben wir Zuwachs bekommen. Unser helles Yoga Studio liegt ruhig aber doch zentral im Herzen von Marl. Hier erwarten dich Kurse und Workshops mit kompetenter Betreuung. Ob du dich beim kraftvollen Vinyasa Yoga auspowern, durch Yin Yoga Loslassen lernen und komplett entspannen oder beim Mild Yoga deine Gedanken zur Ruhe bringen magst, entscheidest du selbst. Bei uns ist für jeden etwas dabei."
Yogaschule Ashtanga Essen,['Yoga'],False,"['M', 'L', 'XL']",M,Rüttenscheid,Gudulastr. 5,https://urbansportsclub.com//de/venues/yogaschule-ashtanga-essen,"{'@context': 'http://schema.org', '@type': 'LocalBusiness', 'name': 'Yogaschule Ashtanga Essen', 'description': 'Die Yogaschule Ashtanga Essen freut sich auf Dich!', 'address': {'@type': 'PostalAddress', 'addressLocality': 'Essen, Germany', 'addressCountry': 'Germany', 'postalCode': '45131', 'streetAddress': 'Gudulastr. 5'}, 'telephone': '', 'geo': {'@type': 'GeoCoordinates', 'latitude': '51.4329763', 'longitude': '7.0103157'}, 'priceRange': '-', 'image': 'https://storage.googleapis.com/download/storage/v1/b/usc-pro-uscweb-live-media/o/de-live%2Foriginal_1688x950_Yoga_1664280989651570_admin.jpg?generation=1664280989712944&amp;alt=media'}",51.4329763,7.0103157,Die Yogaschule Ashtanga Essen freut sich auf Dich!
element yoga - Studio 2,['Yoga'],False,"['M', 'L', 'XL']",M,Werden,Hufergasse 37,https://urbansportsclub.com//de/venues/element-yoga-studio-2,"{'@context': 'http://schema.org', '@type': 'LocalBusiness', 'name': 'element yoga - Studio 2', 'description': 'Wir freuen uns über Dein Interesse! Was uns Besonders macht? In unserem seit 14 Jahren etablierten Yoga Studio kannst Du Schritt für Schritt mit Fokus auf Deine exakte Körperpraxis sowie Atem- und Entspannungs-techniken in die Welt des traditionellen Hatha Yoga einsteigen. Zudem bieten wir aber auch modernes, fliessendes Vinyasa Power Yoga, das den Fokus auf Deine Kondition und energetische Ausrichtung legt. Auch die Kombination beider Yoga Richtungen ist möglich. Besonders bei uns ist auch das hohe Maß an Flexibilität, denn mit Deiner Karte oder membership ist die wöchentliche flexible Teilnahme unter dem gesamten Kursangebot frei wählbar. Unser Kursangebot umfasst zudem ein breites Familienangebot , z.B. für Kinder, Mütter mit Baby oder Schwangere. Regelmäßige Workshops im Bereich von Faszien-Yoga runden das Programm ab. Der Einstieg ist jederzeit für Dich möglich, wenn Du es möglich machst ! Wir freuen uns auf Dich!', 'address': {'@type': 'PostalAddress', 'addressLocality': 'Essen, Germany', 'addressCountry': 'Germany', 'postalCode': '45239', 'streetAddress': 'Hufergasse 37'}, 'telephone': '+49 2054 8606447', 'geo': {'@type': 'GeoCoordinates', 'latitude': '51.3896294', 'longitude': '7.0008477'}, 'priceRange': '-', 'image': 'https://storage.googleapis.com/download/storage/v1/b/usc-pro-uscweb-live-media/o/de-live%2Foriginal_4032x2268_ls3ikepfdn19no3v6ozr_1690810215887656.png?generation=1690810216081719&amp;alt=media'}",51.3896294,7.0008477,"Wir freuen uns über Dein Interesse! Was uns Besonders macht? In unserem seit 14 Jahren etablierten Yoga Studio kannst Du Schritt für Schritt mit Fokus auf Deine exakte Körperpraxis sowie Atem- und Entspannungs-techniken in die Welt des traditionellen Hatha Yoga einsteigen. Zudem bieten wir aber auch modernes, fliessendes Vinyasa Power Yoga, das den Fokus auf Deine Kondition und energetische Ausrichtung legt. Auch die Kombination beider Yoga Richtungen ist möglich. Besonders bei uns ist auch das hohe Maß an Flexibilität, denn mit Deiner Karte oder membership ist die wöchentliche flexible Teilnahme unter dem gesamten Kursangebot frei wählbar. Unser Kursangebot umfasst zudem ein breites Familienangebot , z.B. für Kinder, Mütter mit Baby oder Schwangere. Regelmäßige Workshops im Bereich von Faszien-Yoga runden das Programm ab. Der Einstieg ist jederzeit für Dich möglich, wenn Du es möglich machst ! Wir freuen uns auf Dich!"
Ai Fitness - Studio Bottrop,['Fitness'],False,"['S', 'M', 'L', 'XL']",S,Bottrop,Gildestraße 6,https://urbansportsclub.com//de/venues/ai-fitness-studio-bottrop,"{'@context': 'http://schema.org', '@type': 'LocalBusiness', 'name': 'Ai Fitness - Studio Bottrop', 'description': 'Als eine der am schnellsten wachsenden und innovativsten Fitnessstudioketten in Deutschland, ist der Kern unseres Unternehmens eine ehrliche Leidenschaft für Fitness, Gesundheit und Wellbeing. Ziel ist es, unseren Mitgliedern ein erstklassiges Fitnesserlebnis zu bieten, das begeistert, motiviert und dabei erschwinglich bleibt. Um dies zu erreichen, verfolgt Ai Fitness seit 2003 einen ganzheitlichen Ansatz, der auf vier verschiedenen Säulen beruht: Hohe Servicequalität, niedrige Preise All inclusive an 365 Tagen im Jahr. Wir bieten ein herausragendes Leistungsangebot und das zu einem fairen und transparenten Preis. Vielfalt in Training und Ausstattung Fitnesstraining hat sich in den letzten Jahren extrem diversifiziert. Unsere Trainingsmöglichkeiten spiegeln dies wieder und bieten für jeden etwas. Angenehmes Umfeld und Ambiente In jedem unserer Studios hat eine angenehme Trainingsatmosphäre oberste Priorität. So sorgen wir für Motivation und Erfolg im Training. Effiziente Strukturen und Abläufe Mit über 20 Jahren Erfahrung in der Branche wissen wir, worauf es ankommt. Das Ergebnis ist ein erstklassiger Service bei gleichzeitig niedrigen Preisen. Wir kombinieren diese Erfolgsfaktoren zu einem Rundum-Sorglos-Paket, dass jedem Mitglied an 365 Tagen im Jahr zur Verfügung steht. Dabei richtet sich unser Angebot an ein breites Publikum – egal ob Anfänger, Hobbysportler oder fortgeschrittener Athlet – jeder findet hier sein sportliches Zuhause und eine erstklassige Betreuung. In der Praxis findet sich dieses Konzept in der Studiogestaltung wieder. Jeder Ai Fitnessclub ist gemäß der unterschiedlichen Trainingskonzepte in verschiedene Bereiche unterteilt: Funktionales Training, klassisches Gerätetraining, Fitnesskurse, Zirkeltraining oder Cardio – hier findet jeder seinen ganz eigenen Lieblingsbereich. Mit zertifizierten Trainern, einer großen Bandbreite an Trainingsmöglichkeiten, State of the Art-Fitnessequipment, einem vielseitigen Kursangebot, Gesundheitscheck und innovativen Sonderleistungen haben wir den Begriff all inclusive Fitness etabliert. Abgerundet wird dieses attraktive Gesamtpaket durch eine offene und lichtdurchflutete Architektur, hochwertige Umkleiden und Sanitärbereiche mit kostenlosen Duschen sowie unserem stets hilfsbereites Personal. In unseren Studios schaffen wir eine einzigartige Atmosphäre, in der jeder willkommen ist und sich wohlfühlen kann. Unsere Mitglieder sollen sich dabei nicht nur als Kunden, sondern Teil einer inspirierenden und motivierenden Community verstehen. Mit regelmäßigen Aktionen und dynamischen After-Work-Events schaffen wir ein vertrauensvolles Umfeld, das sonst oftmals durch Anonymität gekennzeichnet ist. Fitness in Wohlfühl-Atmosphäre – denn nur wer sich wirklich wohlfühlt, kommt auch gerne zum Training und hat langfristig Erfolg. Und der Trainingserfolg unserer Mitglieder ist dabei unsere Leidenschaft. Ein Ai Fitnessstudio findet sich bestimmt auch in deiner Nähe. Überzeuge dich selbst und lerne uns im Rahmen eines kostenlosen Probetrainings kennen. Wir freuen uns auf dich. Ai Fitness - Erlebe den Unterschied! Bitte schaue vor deinem Besuch in die Hausordnung: https://www.ai-fitness.de/service/hausordnung', 'address': {'@type': 'PostalAddress', 'addressLocality': 'Essen, Germany', 'addressCountry': 'Germany', 'postalCode': '46236', 'streetAddress': 'Gildestraße 6'}, 'telephone': '', 'geo': {'@type': 'GeoCoordinates', 'latitude': '51.5190599', 'longitude': '6.9361369'}, 'priceRange': '-', 'image': 'https://storage.googleapis.com/download/storage/v1/b/usc-pro-uscweb-live-media/o/de-live%2Foriginal_1024x576_coahagkbisvtia2iy1ao_1539335653730587_admin.jpg?alt=media'}",51.5190599,6.9361369,"Als eine der am schnellsten wachsenden und innovativsten Fitnessstudioketten in Deutschland, ist der Kern unseres Unternehmens eine ehrliche Leidenschaft für Fitness, Gesundheit und Wellbeing. Ziel ist es, unseren Mitgliedern ein erstklassiges Fitnesserlebnis zu bieten, das begeistert, motiviert und dabei erschwinglich bleibt. Um dies zu erreichen, verfolgt Ai Fitness seit 2003 einen ganzheitlichen Ansatz, der auf vier verschiedenen Säulen beruht: Hohe Servicequalität, niedrige Preise All inclusive an 365 Tagen im Jahr. Wir bieten ein herausragendes Leistungsangebot und das zu einem fairen und transparenten Preis. Vielfalt in Training und Ausstattung Fitnesstraining hat sich in den letzten Jahren extrem diversifiziert. Unsere Trainingsmöglichkeiten spiegeln dies wieder und bieten für jeden etwas. Angenehmes Umfeld und Ambiente In jedem unserer Studios hat eine angenehme Trainingsatmosphäre oberste Priorität. So sorgen wir für Motivation und Erfolg im Training. Effiziente Strukturen und Abläufe Mit über 20 Jahren Erfahrung in der Branche wissen wir, worauf es ankommt. Das Ergebnis ist ein erstklassiger Service bei gleichzeitig niedrigen Preisen. Wir kombinieren diese Erfolgsfaktoren zu einem Rundum-Sorglos-Paket, dass jedem Mitglied an 365 Tagen im Jahr zur Verfügung steht. Dabei richtet sich unser Angebot an ein breites Publikum – egal ob Anfänger, Hobbysportler oder fortgeschrittener Athlet – jeder findet hier sein sportliches Zuhause und eine erstklassige Betreuung. In der Praxis findet sich dieses Konzept in der Studiogestaltung wieder. Jeder Ai Fitnessclub ist gemäß der unterschiedlichen Trainingskonzepte in verschiedene Bereiche unterteilt: Funktionales Training, klassisches Gerätetraining, Fitnesskurse, Zirkeltraining oder Cardio – hier findet jeder seinen ganz eigenen Lieblingsbereich. Mit zertifizierten Trainern, einer großen Bandbreite an Trainingsmöglichkeiten, State of the Art-Fitnessequipment, einem vielseitigen Kursangebot, Gesundheitscheck und innovativen Sonderleistungen haben wir den Begriff all inclusive Fitness etabliert. Abgerundet wird dieses attraktive Gesamtpaket durch eine offene und lichtdurchflutete Architektur, hochwertige Umkleiden und Sanitärbereiche mit kostenlosen Duschen sowie unserem stets hilfsbereites Personal. In unseren Studios schaffen wir eine einzigartige Atmosphäre, in der jeder willkommen ist und sich wohlfühlen kann. Unsere Mitglieder sollen sich dabei nicht nur als Kunden, sondern Teil einer inspirierenden und motivierenden Community verstehen. Mit regelmäßigen Aktionen und dynamischen After-Work-Events schaffen wir ein vertrauensvolles Umfeld, das sonst oftmals durch Anonymität gekennzeichnet ist. Fitness in Wohlfühl-Atmosphäre – denn nur wer sich wirklich wohlfühlt, kommt auch gerne zum Training und hat langfristig Erfolg. Und der Trainingserfolg unserer Mitglieder ist dabei unsere Leidenschaft. Ein Ai Fitnessstudio findet sich bestimmt auch in deiner Nähe. Überzeuge dich selbst und lerne uns im Rahmen eines kostenlosen Probetrainings kennen. Wir freuen uns auf dich. Ai Fitness - Erlebe den Unterschied! Bitte schaue vor deinem Besuch in die Hausordnung: https://www.ai-fitness.de/service/hausordnung"
clever fit Gladbeck,['Fitness'],False,"['S', 'M', 'L', 'XL']",S,Gladbeck,Horster Str 230,https://urbansportsclub.com//de/venues/clever-fit-gladbeck,"{'@context': 'http://schema.org', '@type': 'LocalBusiness', 'name': 'clever fit Gladbeck', 'description': 'Das clever fit Gladbeck freut sich auf Dich!', 'address': {'@type': 'PostalAddress', 'addressLocality': 'Essen, Germany', 'addressCountry': 'Germany', 'postalCode': '45968', 'streetAddress': 'Horster Str. 230'}, 'telephone': '', 'geo': {'@type': 'GeoCoordinates', 'latitude': '51.5531801', 'longitude': '7.0024151'}, 'priceRange': '-', 'image': 'https://storage.googleapis.com/download/storage/v1/b/usc-pro-uscweb-live-media/o/de-live%2Foriginal_1024x576_Fitness_1701341006273205_admin.jpg?generation=1701341006424329&amp;alt=media'}",51.5531801,7.0024151,Das clever fit Gladbeck freut sich auf Dich!
Ai Fitness - Premium Club Essen,"['Fitness', 'Indoorcycling']",False,"['S', 'M', 'L', 'XL']",S,Katernberg,Wilhelm-Nieswandt-Allee 123,https://urbansportsclub.com//de/venues/ai-fitness-premium-club-essen,"{'@context': 'http://schema.org', '@type': 'LocalBusiness', 'name': 'Ai Fitness - Premium Club Essen', 'description': 'Als eine der am schnellsten wachsenden und innovativsten Fitnessstudioketten in Deutschland, ist der Kern unseres Unternehmens eine ehrliche Leidenschaft für Fitness, Gesundheit und Wellbeing. Ziel ist es, unseren Mitgliedern ein erstklassiges Fitnesserlebnis zu bieten, das begeistert, motiviert und dabei erschwinglich bleibt. Um dies zu erreichen, verfolgt Ai Fitness seit 2003 einen ganzheitlichen Ansatz, der auf vier verschiedenen Säulen beruht: Hohe Servicequalität, niedrige Preise All inclusive an 365 Tagen im Jahr. Wir bieten ein herausragendes Leistungsangebot und das zu einem fairen und transparenten Preis. Vielfalt in Training und Ausstattung Fitnesstraining hat sich in den letzten Jahren extrem diversifiziert. Unsere Trainingsmöglichkeiten spiegeln dies wieder und bieten für jeden etwas. Angenehmes Umfeld und Ambiente In jedem unserer Studios hat eine angenehme Trainingsatmosphäre oberste Priorität. So sorgen wir für Motivation und Erfolg im Training. Effiziente Strukturen und Abläufe Mit über 20 Jahren Erfahrung in der Branche wissen wir, worauf es ankommt. Das Ergebnis ist ein erstklassiger Service bei gleichzeitig niedrigen Preisen. Wir kombinieren diese Erfolgsfaktoren zu einem Rundum-Sorglos-Paket, dass jedem Mitglied an 365 Tagen im Jahr zur Verfügung steht. Dabei richtet sich unser Angebot an ein breites Publikum – egal ob Anfänger, Hobbysportler oder fortgeschrittener Athlet – jeder findet hier sein sportliches Zuhause und eine erstklassige Betreuung. In der Praxis findet sich dieses Konzept in der Studiogestaltung wieder. Jeder Ai Fitnessclub ist gemäß der unterschiedlichen Trainingskonzepte in verschiedene Bereiche unterteilt: Funktionales Training, klassisches Gerätetraining, Fitnesskurse, Zirkeltraining oder Cardio – hier findet jeder seinen ganz eigenen Lieblingsbereich. Mit zertifizierten Trainern, einer großen Bandbreite an Trainingsmöglichkeiten, State of the Art-Fitnessequipment, einem vielseitigen Kursangebot, Gesundheitscheck und innovativen Sonderleistungen haben wir den Begriff all inclusive Fitness etabliert. Abgerundet wird dieses attraktive Gesamtpaket durch eine offene und lichtdurchflutete Architektur, hochwertige Umkleiden und Sanitärbereiche mit kostenlosen Duschen sowie unserem stets hilfsbereites Personal. In unseren Studios schaffen wir eine einzigartige Atmosphäre, in der jeder willkommen ist und sich wohlfühlen kann. Unsere Mitglieder sollen sich dabei nicht nur als Kunden, sondern Teil einer inspirierenden und motivierenden Community verstehen. Mit regelmäßigen Aktionen und dynamischen After-Work-Events schaffen wir ein vertrauensvolles Umfeld, das sonst oftmals durch Anonymität gekennzeichnet ist. Fitness in Wohlfühl-Atmosphäre – denn nur wer sich wirklich wohlfühlt, kommt auch gerne zum Training und hat langfristig Erfolg. Und der Trainingserfolg unserer Mitglieder ist dabei unsere Leidenschaft. Ein Ai Fitnessstudio findet sich bestimmt auch in deiner Nähe. Überzeuge dich selbst und lerne uns im Rahmen eines kostenlosen Probetrainings kennen. Wir freuen uns auf dich. Ai Fitness - Erlebe den Unterschied! Bitte schaue vor deinem Besuch in die Hausordnung: https://www.ai-fitness.de/service/hausordnung', 'address': {'@type': 'PostalAddress', 'addressLocality': 'Essen, Germany', 'addressCountry': 'Germany', 'postalCode': '45326', 'streetAddress': 'Wilhelm-Nieswandt-Allee 123'}, 'telephone': '', 'geo': {'@type': 'GeoCoordinates', 'latitude': '51.4968712', 'longitude': '7.0074112'}, 'priceRange': '-', 'image': 'https://storage.googleapis.com/download/storage/v1/b/usc-pro-uscweb-live-media/o/de-live%2Foriginal_1024x576_ehhtkbghsgyiyglrhtjg_1539335893456789_admin.jpg?alt=media'}",51.4968712,7.0074112,"Als eine der am schnellsten wachsenden und innovativsten Fitnessstudioketten in Deutschland, ist der Kern unseres Unternehmens eine ehrliche Leidenschaft für Fitness, Gesundheit und Wellbeing. Ziel ist es, unseren Mitgliedern ein erstklassiges Fitnesserlebnis zu bieten, das begeistert, motiviert und dabei erschwinglich bleibt. Um dies zu erreichen, verfolgt Ai Fitness seit 2003 einen ganzheitlichen Ansatz, der auf vier verschiedenen Säulen beruht: Hohe Servicequalität, niedrige Preise All inclusive an 365 Tagen im Jahr. Wir bieten ein herausragendes Leistungsangebot und das zu einem fairen und transparenten Preis. Vielfalt in Training und Ausstattung Fitnesstraining hat sich in den letzten Jahren extrem diversifiziert. Unsere Trainingsmöglichkeiten spiegeln dies wieder und bieten für jeden etwas. Angenehmes Umfeld und Ambiente In jedem unserer Studios hat eine angenehme Trainingsatmosphäre oberste Priorität. So sorgen wir für Motivation und Erfolg im Training. Effiziente Strukturen und Abläufe Mit über 20 Jahren Erfahrung in der Branche wissen wir, worauf es ankommt. Das Ergebnis ist ein erstklassiger Service bei gleichzeitig niedrigen Preisen. Wir kombinieren diese Erfolgsfaktoren zu einem Rundum-Sorglos-Paket, dass jedem Mitglied an 365 Tagen im Jahr zur Verfügung steht. Dabei richtet sich unser Angebot an ein breites Publikum – egal ob Anfänger, Hobbysportler oder fortgeschrittener Athlet – jeder findet hier sein sportliches Zuhause und eine erstklassige Betreuung. In der Praxis findet sich dieses Konzept in der Studiogestaltung wieder. Jeder Ai Fitnessclub ist gemäß der unterschiedlichen Trainingskonzepte in verschiedene Bereiche unterteilt: Funktionales Training, klassisches Gerätetraining, Fitnesskurse, Zirkeltraining oder Cardio – hier findet jeder seinen ganz eigenen Lieblingsbereich. Mit zertifizierten Trainern, einer großen Bandbreite an Trainingsmöglichkeiten, State of the Art-Fitnessequipment, einem vielseitigen Kursangebot, Gesundheitscheck und innovativen Sonderleistungen haben wir den Begriff all inclusive Fitness etabliert. Abgerundet wird dieses attraktive Gesamtpaket durch eine offene und lichtdurchflutete Architektur, hochwertige Umkleiden und Sanitärbereiche mit kostenlosen Duschen sowie unserem stets hilfsbereites Personal. In unseren Studios schaffen wir eine einzigartige Atmosphäre, in der jeder willkommen ist und sich wohlfühlen kann. Unsere Mitglieder sollen sich dabei nicht nur als Kunden, sondern Teil einer inspirierenden und motivierenden Community verstehen. Mit regelmäßigen Aktionen und dynamischen After-Work-Events schaffen wir ein vertrauensvolles Umfeld, das sonst oftmals durch Anonymität gekennzeichnet ist. Fitness in Wohlfühl-Atmosphäre – denn nur wer sich wirklich wohlfühlt, kommt auch gerne zum Training und hat langfristig Erfolg. Und der Trainingserfolg unserer Mitglieder ist dabei unsere Leidenschaft. Ein Ai Fitnessstudio findet sich bestimmt auch in deiner Nähe. Überzeuge dich selbst und lerne uns im Rahmen eines kostenlosen Probetrainings kennen. Wir freuen uns auf dich. Ai Fitness - Erlebe den Unterschied! Bitte schaue vor deinem Besuch in die Hausordnung: https://www.ai-fitness.de/service/hausordnung"
Gesundheits- und Sportzentrum Frintrop,"['Fitness', 'Pilates', 'Yoga']",False,"['M', 'L', 'XL']",M,Frintrop,Frintroper Str. 414,https://urbansportsclub.com//de/venues/gesundheits-und-sportzentrum-frintrop,"{'@context': 'http://schema.org', '@type': 'LocalBusiness', 'name': 'Gesundheits- und Sportzentrum Frintrop', 'description': 'einfach – sicher – effektiv, so möchten wir, dass unsere Kunden trainieren. Sie haben bei uns die Gelegenheit wieder belastbarer, leistungsfähiger und gesünder zu werden. Als schöne Nebeneffekte können sie ihr Gewicht leichter kontrollieren, die Muskeln straffen und sich wieder wohler fühlen. Um das in kürzester Zeit zu erreichen, setzen wir ein sehr spezielles Trainingssystem ein, das durch eine clevere Software in der Lage ist, sie optimal zu trainieren und Trainingsfehler von vornherein zu vermeiden. Das gibt ihnen Sicherheit und Motivation ihr Ziel auch zu erreichen. Und sie werden erstaunt sein mit wie wenig Aufwand das machbar ist. Kraft und Ausdauer Die Doppelstrategie Unser Trainingszirkel ist eine einzigartige Kombination von Kraft- und Ausdauertraining. Sie trainieren alle großen und wichtigen Muskelgruppen in Bezug auf Haltung und Gelenkstabilität. Dadurch ist es das ideale Training für eine schmerzfreie und starke Rückenmuskulatur, einen aktiven Stoffwechsel, ein starkes Herz und eine straffe Figur. Erfolg hat 3 Buchstaben: tun', 'address': {'@type': 'PostalAddress', 'addressLocality': 'Essen, Germany', 'addressCountry': 'Germany', 'postalCode': '45359', 'streetAddress': 'Frintroper Str. 414'}, 'telephone': '', 'geo': {'@type': 'GeoCoordinates', 'latitude': '51.4746023', 'longitude': '6.9150953'}, 'priceRange': '-', 'image': 'https://storage.googleapis.com/download/storage/v1/b/usc-pro-uscweb-live-media/o/de-live%2Foriginal_1600x900_Trainingsraum8_1582796558277975_admin.png?alt=media'}",51.4746023,6.9150953,"einfach – sicher – effektiv, so möchten wir, dass unsere Kunden trainieren. Sie haben bei uns die Gelegenheit wieder belastbarer, leistungsfähiger und gesünder zu werden. Als schöne Nebeneffekte können sie ihr Gewicht leichter kontrollieren, die Muskeln straffen und sich wieder wohler fühlen. Um das in kürzester Zeit zu erreichen, setzen wir ein sehr spezielles Trainingssystem ein, das durch eine clevere Software in der Lage ist, sie optimal zu trainieren und Trainingsfehler von vornherein zu vermeiden. Das gibt ihnen Sicherheit und Motivation ihr Ziel auch zu erreichen. Und sie werden erstaunt sein mit wie wenig Aufwand das machbar ist. Kraft und Ausdauer Die Doppelstrategie Unser Trainingszirkel ist eine einzigartige Kombination von Kraft- und Ausdauertraining. Sie trainieren alle großen und wichtigen Muskelgruppen in Bezug auf Haltung und Gelenkstabilität. Dadurch ist es das ideale Training für eine schmerzfreie und starke Rückenmuskulatur, einen aktiven Stoffwechsel, ein starkes Herz und eine straffe Figur. Erfolg hat 3 Buchstaben: tun"
VI-DANCE - Essen,['Fitness'],False,"['M', 'L', 'XL']",M,Westviertel,Frohnhauserstraße 73,https://urbansportsclub.com//de/venues/vi-dance-essen,"{'@context': 'http://schema.org', '@type': 'LocalBusiness', 'name': 'VI-DANCE - Essen', 'description': 'Als größter Anbieter von Poledance- und Luftakrobatikkursen in Deutschland, bietet dir VI-Dance eine große Auswahl an sportlichen und künstlerisch orientierten Kursen an. Die qualifizierten Trainer/-innen gehen mit dem besten Know-How durch fundierte Ausbildungen und mit einer Menge Herzblut ans Werk und gewährleisten so in professionell ausgestatteten Studios optimale Trainingsbedingungen. Der persönliche Kontakt und eine angenehme, freundschaftliche Stimmung, sowie die individuelle Betreuung und Förderung der Teilnehmer liegt dem Team besonders am Herzen. Wenn Du also noch die passende Sportart suchst um Fitness und Kreativität zu verbinden, dir das Fitnessstudio zu langweilig geworden ist oder du Wert auf eine persönliche und freundschaftliche Trainingsatmosphäre legst, dann bist du bei uns genau an der richtigen Adresse. Das Team von VI-Dance möchte auch dich mit ihrer Leidenschaft anstecken und freuen sich auf deinen Besuch im Tanzstudio VI-Dance.', 'address': {'@type': 'PostalAddress', 'addressLocality': 'Essen, Germany', 'addressCountry': 'Germany', 'postalCode': '45143', 'streetAddress': 'Frohnhauserstraße 73'}, 'telephone': '', 'geo': {'@type': 'GeoCoordinates', 'latitude': '51.4547339', 'longitude': '6.9962903'}, 'priceRange': '-', 'image': 'https://storage.googleapis.com/download/storage/v1/b/usc-pro-uscweb-live-media/o/de-live%2Foriginal_1646x926_VI-%20%282%29.jpg?alt=media'}",51.4547339,6.9962903,"Als größter Anbieter von Poledance- und Luftakrobatikkursen in Deutschland, bietet dir VI-Dance eine große Auswahl an sportlichen und künstlerisch orientierten Kursen an. Die qualifizierten Trainer/-innen gehen mit dem besten Know-How durch fundierte Ausbildungen und mit einer Menge Herzblut ans Werk und gewährleisten so in professionell ausgestatteten Studios optimale Trainingsbedingungen. Der persönliche Kontakt und eine angenehme, freundschaftliche Stimmung, sowie die individuelle Betreuung und Förderung der Teilnehmer liegt dem Team besonders am Herzen. Wenn Du also noch die passende Sportart suchst um Fitness und Kreativität zu verbinden, dir das Fitnessstudio zu langweilig geworden ist oder du Wert auf eine persönliche und freundschaftliche Trainingsatmosphäre legst, dann bist du bei uns genau an der richtigen Adresse. Das Team von VI-Dance möchte auch dich mit ihrer Leidenschaft anstecken und freuen sich auf deinen Besuch im Tanzstudio VI-Dance."
Easyfitness Hattingen,['Fitness'],False,"['M', 'L', 'XL']",M,Hattingen,Heggerstraße 24,https://urbansportsclub.com//de/venues/easyfitness-hattingen,"{'@context': 'http://schema.org', '@type': 'LocalBusiness', 'name': 'Easyfitness Hattingen', 'description': 'Easyfitness freut sich auf Dich!', 'address': {'@type': 'PostalAddress', 'addressLocality': 'Essen, Germany', 'addressCountry': 'Germany', 'postalCode': '45525', 'streetAddress': 'Heggerstraße 24'}, 'telephone': '', 'geo': {'@type': 'GeoCoordinates', 'latitude': '51.399596', 'longitude': '7.1854397'}, 'priceRange': '-', 'image': 'https://storage.googleapis.com/download/storage/v1/b/usc-pro-uscweb-live-media/o/de-live%2Foriginal_1024x576_fitnesscompressed%20(29)_1640338582316185_admin.jpg?generation=1640338582861012&amp;alt=media'}",51.399596,7.1854397,Easyfitness freut sich auf Dich!
Ai Fitness - Studio Essen,['Fitness'],False,"['S', 'M', 'L', 'XL']",S,Borbeck-Mitte,Flurstr. 94,https://urbansportsclub.com//de/venues/ai-fitness-studio-essen,"{'@context': 'http://schema.org', '@type': 'LocalBusiness', 'name': 'Ai Fitness - Studio Essen', 'description': 'Als eine der am schnellsten wachsenden und innovativsten Fitnessstudioketten in Deutschland, ist der Kern unseres Unternehmens eine ehrliche Leidenschaft für Fitness, Gesundheit und Wellbeing. Ziel ist es, unseren Mitgliedern ein erstklassiges Fitnesserlebnis zu bieten, das begeistert, motiviert und dabei erschwinglich bleibt. Um dies zu erreichen, verfolgt Ai Fitness seit 2003 einen ganzheitlichen Ansatz, der auf vier verschiedenen Säulen beruht: Hohe Servicequalität, niedrige Preise All inclusive an 365 Tagen im Jahr. Wir bieten ein herausragendes Leistungsangebot und das zu einem fairen und transparenten Preis. Vielfalt in Training und Ausstattung Fitnesstraining hat sich in den letzten Jahren extrem diversifiziert. Unsere Trainingsmöglichkeiten spiegeln dies wieder und bieten für jeden etwas. Angenehmes Umfeld und Ambiente In jedem unserer Studios hat eine angenehme Trainingsatmosphäre oberste Priorität. So sorgen wir für Motivation und Erfolg im Training. Effiziente Strukturen und Abläufe Mit über 20 Jahren Erfahrung in der Branche wissen wir, worauf es ankommt. Das Ergebnis ist ein erstklassiger Service bei gleichzeitig niedrigen Preisen. Wir kombinieren diese Erfolgsfaktoren zu einem Rundum-Sorglos-Paket, dass jedem Mitglied an 365 Tagen im Jahr zur Verfügung steht. Dabei richtet sich unser Angebot an ein breites Publikum – egal ob Anfänger, Hobbysportler oder fortgeschrittener Athlet – jeder findet hier sein sportliches Zuhause und eine erstklassige Betreuung. In der Praxis findet sich dieses Konzept in der Studiogestaltung wieder. Jeder Ai Fitnessclub ist gemäß der unterschiedlichen Trainingskonzepte in verschiedene Bereiche unterteilt: Funktionales Training, klassisches Gerätetraining, Fitnesskurse, Zirkeltraining oder Cardio – hier findet jeder seinen ganz eigenen Lieblingsbereich. Mit zertifizierten Trainern, einer großen Bandbreite an Trainingsmöglichkeiten, State of the Art-Fitnessequipment, einem vielseitigen Kursangebot, Gesundheitscheck und innovativen Sonderleistungen haben wir den Begriff all inclusive Fitness etabliert. Abgerundet wird dieses attraktive Gesamtpaket durch eine offene und lichtdurchflutete Architektur, hochwertige Umkleiden und Sanitärbereiche mit kostenlosen Duschen sowie unserem stets hilfsbereites Personal. In unseren Studios schaffen wir eine einzigartige Atmosphäre, in der jeder willkommen ist und sich wohlfühlen kann. Unsere Mitglieder sollen sich dabei nicht nur als Kunden, sondern Teil einer inspirierenden und motivierenden Community verstehen. Mit regelmäßigen Aktionen und dynamischen After-Work-Events schaffen wir ein vertrauensvolles Umfeld, das sonst oftmals durch Anonymität gekennzeichnet ist. Fitness in Wohlfühl-Atmosphäre – denn nur wer sich wirklich wohlfühlt, kommt auch gerne zum Training und hat langfristig Erfolg. Und der Trainingserfolg unserer Mitglieder ist dabei unsere Leidenschaft. Ein Ai Fitnessstudio findet sich bestimmt auch in deiner Nähe. Überzeuge dich selbst und lerne uns im Rahmen eines kostenlosen Probetrainings kennen. Wir freuen uns auf dich. Ai Fitness - Erlebe den Unterschied! Bitte schaue vor deinem Besuch in die Hausordnung: https://www.ai-fitness.de/service/hausordnung', 'address': {'@type': 'PostalAddress', 'addressLocality': 'Essen, Germany', 'addressCountry': 'Germany', 'postalCode': '45355', 'streetAddress': 'Flurstr. 94'}, 'telephone': '', 'geo': {'@type': 'GeoCoordinates', 'latitude': '51.4770047', 'longitude': '6.941506'}, 'priceRange': '-', 'image': 'https://storage.googleapis.com/download/storage/v1/b/usc-pro-uscweb-live-media/o/de-live%2Foriginal_1025x577_gkxniejckyxvo9vrkjrn_1539337256975876_admin.jpg?alt=media'}",51.4770047,6.941506,"Als eine der am schnellsten wachsenden und innovativsten Fitnessstudioketten in Deutschland, ist der Kern unseres Unternehmens eine ehrliche Leidenschaft für Fitness, Gesundheit und Wellbeing. Ziel ist es, unseren Mitgliedern ein erstklassiges Fitnesserlebnis zu bieten, das begeistert, motiviert und dabei erschwinglich bleibt. Um dies zu erreichen, verfolgt Ai Fitness seit 2003 einen ganzheitlichen Ansatz, der auf vier verschiedenen Säulen beruht: Hohe Servicequalität, niedrige Preise All inclusive an 365 Tagen im Jahr. Wir bieten ein herausragendes Leistungsangebot und das zu einem fairen und transparenten Preis. Vielfalt in Training und Ausstattung Fitnesstraining hat sich in den letzten Jahren extrem diversifiziert. Unsere Trainingsmöglichkeiten spiegeln dies wieder und bieten für jeden etwas. Angenehmes Umfeld und Ambiente In jedem unserer Studios hat eine angenehme Trainingsatmosphäre oberste Priorität. So sorgen wir für Motivation und Erfolg im Training. Effiziente Strukturen und Abläufe Mit über 20 Jahren Erfahrung in der Branche wissen wir, worauf es ankommt. Das Ergebnis ist ein erstklassiger Service bei gleichzeitig niedrigen Preisen. Wir kombinieren diese Erfolgsfaktoren zu einem Rundum-Sorglos-Paket, dass jedem Mitglied an 365 Tagen im Jahr zur Verfügung steht. Dabei richtet sich unser Angebot an ein breites Publikum – egal ob Anfänger, Hobbysportler oder fortgeschrittener Athlet – jeder findet hier sein sportliches Zuhause und eine erstklassige Betreuung. In der Praxis findet sich dieses Konzept in der Studiogestaltung wieder. Jeder Ai Fitnessclub ist gemäß der unterschiedlichen Trainingskonzepte in verschiedene Bereiche unterteilt: Funktionales Training, klassisches Gerätetraining, Fitnesskurse, Zirkeltraining oder Cardio – hier findet jeder seinen ganz eigenen Lieblingsbereich. Mit zertifizierten Trainern, einer großen Bandbreite an Trainingsmöglichkeiten, State of the Art-Fitnessequipment, einem vielseitigen Kursangebot, Gesundheitscheck und innovativen Sonderleistungen haben wir den Begriff all inclusive Fitness etabliert. Abgerundet wird dieses attraktive Gesamtpaket durch eine offene und lichtdurchflutete Architektur, hochwertige Umkleiden und Sanitärbereiche mit kostenlosen Duschen sowie unserem stets hilfsbereites Personal. In unseren Studios schaffen wir eine einzigartige Atmosphäre, in der jeder willkommen ist und sich wohlfühlen kann. Unsere Mitglieder sollen sich dabei nicht nur als Kunden, sondern Teil einer inspirierenden und motivierenden Community verstehen. Mit regelmäßigen Aktionen und dynamischen After-Work-Events schaffen wir ein vertrauensvolles Umfeld, das sonst oftmals durch Anonymität gekennzeichnet ist. Fitness in Wohlfühl-Atmosphäre – denn nur wer sich wirklich wohlfühlt, kommt auch gerne zum Training und hat langfristig Erfolg. Und der Trainingserfolg unserer Mitglieder ist dabei unsere Leidenschaft. Ein Ai Fitnessstudio findet sich bestimmt auch in deiner Nähe. Überzeuge dich selbst und lerne uns im Rahmen eines kostenlosen Probetrainings kennen. Wir freuen uns auf dich. Ai Fitness - Erlebe den Unterschied! Bitte schaue vor deinem Besuch in die Hausordnung: https://www.ai-fitness.de/service/hausordnung"
Ai Fitness - Studio Gelsenkirchen,['Fitness'],False,"['S', 'M', 'L', 'XL']",S,Gelsenkirchen,Bahnhofstraße 78-84,https://urbansportsclub.com//de/venues/ai-fitness-studio-gelsenkirchen,"{'@context': 'http://schema.org', '@type': 'LocalBusiness', 'name': 'Ai Fitness - Studio Gelsenkirchen', 'description': 'Als eine der am schnellsten wachsenden und innovativsten Fitnessstudioketten in Deutschland, ist der Kern unseres Unternehmens eine ehrliche Leidenschaft für Fitness, Gesundheit und Wellbeing. Ziel ist es, unseren Mitgliedern ein erstklassiges Fitnesserlebnis zu bieten, das begeistert, motiviert und dabei erschwinglich bleibt. Um dies zu erreichen, verfolgt Ai Fitness seit 2003 einen ganzheitlichen Ansatz, der auf vier verschiedenen Säulen beruht: Hohe Servicequalität, niedrige Preise All inclusive an 365 Tagen im Jahr. Wir bieten ein herausragendes Leistungsangebot und das zu einem fairen und transparenten Preis. Vielfalt in Training und Ausstattung Fitnesstraining hat sich in den letzten Jahren extrem diversifiziert. Unsere Trainingsmöglichkeiten spiegeln dies wieder und bieten für jeden etwas. Angenehmes Umfeld und Ambiente In jedem unserer Studios hat eine angenehme Trainingsatmosphäre oberste Priorität. So sorgen wir für Motivation und Erfolg im Training. Effiziente Strukturen und Abläufe Mit über 20 Jahren Erfahrung in der Branche wissen wir, worauf es ankommt. Das Ergebnis ist ein erstklassiger Service bei gleichzeitig niedrigen Preisen. Wir kombinieren diese Erfolgsfaktoren zu einem Rundum-Sorglos-Paket, dass jedem Mitglied an 365 Tagen im Jahr zur Verfügung steht. Dabei richtet sich unser Angebot an ein breites Publikum – egal ob Anfänger, Hobbysportler oder fortgeschrittener Athlet – jeder findet hier sein sportliches Zuhause und eine erstklassige Betreuung. In der Praxis findet sich dieses Konzept in der Studiogestaltung wieder. Jeder Ai Fitnessclub ist gemäß der unterschiedlichen Trainingskonzepte in verschiedene Bereiche unterteilt: Funktionales Training, klassisches Gerätetraining, Fitnesskurse, Zirkeltraining oder Cardio – hier findet jeder seinen ganz eigenen Lieblingsbereich. Mit zertifizierten Trainern, einer großen Bandbreite an Trainingsmöglichkeiten, State of the Art-Fitnessequipment, einem vielseitigen Kursangebot, Gesundheitscheck und innovativen Sonderleistungen haben wir den Begriff all inclusive Fitness etabliert. Abgerundet wird dieses attraktive Gesamtpaket durch eine offene und lichtdurchflutete Architektur, hochwertige Umkleiden und Sanitärbereiche mit kostenlosen Duschen sowie unserem stets hilfsbereites Personal. In unseren Studios schaffen wir eine einzigartige Atmosphäre, in der jeder willkommen ist und sich wohlfühlen kann. Unsere Mitglieder sollen sich dabei nicht nur als Kunden, sondern Teil einer inspirierenden und motivierenden Community verstehen. Mit regelmäßigen Aktionen und dynamischen After-Work-Events schaffen wir ein vertrauensvolles Umfeld, das sonst oftmals durch Anonymität gekennzeichnet ist. Fitness in Wohlfühl-Atmosphäre – denn nur wer sich wirklich wohlfühlt, kommt auch gerne zum Training und hat langfristig Erfolg. Und der Trainingserfolg unserer Mitglieder ist dabei unsere Leidenschaft. Ein Ai Fitnessstudio findet sich bestimmt auch in deiner Nähe. Überzeuge dich selbst und lerne uns im Rahmen eines kostenlosen Probetrainings kennen. Wir freuen uns auf dich. Ai Fitness - Erlebe den Unterschied! Bitte schaue vor deinem Besuch in die Hausordnung: https://www.ai-fitness.de/service/hausordnung', 'address': {'@type': 'PostalAddress', 'addressLocality': 'Essen, Germany', 'addressCountry': 'Germany', 'postalCode': '45879', 'streetAddress': 'Bahnhofstraße 78-84'}, 'telephone': '', 'geo': {'@type': 'GeoCoordinates', 'latitude': '51.5064032', 'longitude': '7.1006017'}, 'priceRange': '-', 'image': 'https://storage.googleapis.com/download/storage/v1/b/usc-pro-uscweb-live-media/o/de-live%2Foriginal_1024x576_lggycnioq3qywjtjgdbe_1539333684232663_admin.jpg?alt=media'}",51.5064032,7.1006017,"Als eine der am schnellsten wachsenden und innovativsten Fitnessstudioketten in Deutschland, ist der Kern unseres Unternehmens eine ehrliche Leidenschaft für Fitness, Gesundheit und Wellbeing. Ziel ist es, unseren Mitgliedern ein erstklassiges Fitnesserlebnis zu bieten, das begeistert, motiviert und dabei erschwinglich bleibt. Um dies zu erreichen, verfolgt Ai Fitness seit 2003 einen ganzheitlichen Ansatz, der auf vier verschiedenen Säulen beruht: Hohe Servicequalität, niedrige Preise All inclusive an 365 Tagen im Jahr. Wir bieten ein herausragendes Leistungsangebot und das zu einem fairen und transparenten Preis. Vielfalt in Training und Ausstattung Fitnesstraining hat sich in den letzten Jahren extrem diversifiziert. Unsere Trainingsmöglichkeiten spiegeln dies wieder und bieten für jeden etwas. Angenehmes Umfeld und Ambiente In jedem unserer Studios hat eine angenehme Trainingsatmosphäre oberste Priorität. So sorgen wir für Motivation und Erfolg im Training. Effiziente Strukturen und Abläufe Mit über 20 Jahren Erfahrung in der Branche wissen wir, worauf es ankommt. Das Ergebnis ist ein erstklassiger Service bei gleichzeitig niedrigen Preisen. Wir kombinieren diese Erfolgsfaktoren zu einem Rundum-Sorglos-Paket, dass jedem Mitglied an 365 Tagen im Jahr zur Verfügung steht. Dabei richtet sich unser Angebot an ein breites Publikum – egal ob Anfänger, Hobbysportler oder fortgeschrittener Athlet – jeder findet hier sein sportliches Zuhause und eine erstklassige Betreuung. In der Praxis findet sich dieses Konzept in der Studiogestaltung wieder. Jeder Ai Fitnessclub ist gemäß der unterschiedlichen Trainingskonzepte in verschiedene Bereiche unterteilt: Funktionales Training, klassisches Gerätetraining, Fitnesskurse, Zirkeltraining oder Cardio – hier findet jeder seinen ganz eigenen Lieblingsbereich. Mit zertifizierten Trainern, einer großen Bandbreite an Trainingsmöglichkeiten, State of the Art-Fitnessequipment, einem vielseitigen Kursangebot, Gesundheitscheck und innovativen Sonderleistungen haben wir den Begriff all inclusive Fitness etabliert. Abgerundet wird dieses attraktive Gesamtpaket durch eine offene und lichtdurchflutete Architektur, hochwertige Umkleiden und Sanitärbereiche mit kostenlosen Duschen sowie unserem stets hilfsbereites Personal. In unseren Studios schaffen wir eine einzigartige Atmosphäre, in der jeder willkommen ist und sich wohlfühlen kann. Unsere Mitglieder sollen sich dabei nicht nur als Kunden, sondern Teil einer inspirierenden und motivierenden Community verstehen. Mit regelmäßigen Aktionen und dynamischen After-Work-Events schaffen wir ein vertrauensvolles Umfeld, das sonst oftmals durch Anonymität gekennzeichnet ist. Fitness in Wohlfühl-Atmosphäre – denn nur wer sich wirklich wohlfühlt, kommt auch gerne zum Training und hat langfristig Erfolg. Und der Trainingserfolg unserer Mitglieder ist dabei unsere Leidenschaft. Ein Ai Fitnessstudio findet sich bestimmt auch in deiner Nähe. Überzeuge dich selbst und lerne uns im Rahmen eines kostenlosen Probetrainings kennen. Wir freuen uns auf dich. Ai Fitness - Erlebe den Unterschied! Bitte schaue vor deinem Besuch in die Hausordnung: https://www.ai-fitness.de/service/hausordnung"
4250hometown Yoga,['Yoga'],False,"['M', 'L', 'XL']",M,Bottrop,Altmarkt 2,https://urbansportsclub.com//de/venues/4250hometown-yoga,"{'@context': 'http://schema.org', '@type': 'LocalBusiness', 'name': '4250hometown Yoga', 'description': 'Yoga bedeutet für uns immer wieder kleine Auszeiten vom oft stressigen Alltag zu finden und immer wieder neue Möglichkeiten sich selbst, im Einklang mit Körper und Geist, zu entdecken. Und genau das möchten wir dir schenken. Deine ganz persönliche Auszeit vom Alltag. Zusammen mit dir zu entdecken, was Yoga dir ganz persönlich geben kann ist unser Warum. Erlebe mit uns dein ganz eigenes Yoga, bequem und einfach im Herzen von Bottrop. Erlebe die Verbundenheit und den Mehrwert von Yoga, jeden Tag neu. Alle unsere Kurse finden in unserem Studio in der Altmarkt-Passage Bottrop statt. Wir freuen uns so sehr, mit DIR zu üben und dich kennenzulernen.', 'address': {'@type': 'PostalAddress', 'addressLocality': 'Essen, Germany', 'addressCountry': 'Germany', 'postalCode': '46236', 'streetAddress': 'Altmarkt 2'}, 'telephone': '', 'geo': {'@type': 'GeoCoordinates', 'latitude': '51.522841412', 'longitude': '6.924893586'}, 'priceRange': '-', 'image': 'https://storage.googleapis.com/download/storage/v1/b/usc-pro-uscweb-live-media/o/de-live%2Foriginal_1024x576_ae3f104ec209-Yoga_Studio_e1645873658366__1__1678268614530402_admin.jpg?generation=1678268614680524&amp;alt=media'}",51.522841412,6.924893586,"Yoga bedeutet für uns immer wieder kleine Auszeiten vom oft stressigen Alltag zu finden und immer wieder neue Möglichkeiten sich selbst, im Einklang mit Körper und Geist, zu entdecken. Und genau das möchten wir dir schenken. Deine ganz persönliche Auszeit vom Alltag. Zusammen mit dir zu entdecken, was Yoga dir ganz persönlich geben kann ist unser Warum. Erlebe mit uns dein ganz eigenes Yoga, bequem und einfach im Herzen von Bottrop. Erlebe die Verbundenheit und den Mehrwert von Yoga, jeden Tag neu. Alle unsere Kurse finden in unserem Studio in der Altmarkt-Passage Bottrop statt. Wir freuen uns so sehr, mit DIR zu üben und dich kennenzulernen."
Be Body - EMS Training Essen,"['EMS', 'EMS Cardio']",True,"['L', 'XL']",L,Bergerhausen,Rellinghauserstrasse 268,https://urbansportsclub.com//de/venues/be-body-ems-training-essen,"{'@context': 'http://schema.org', '@type': 'LocalBusiness', 'name': 'Be Body - EMS Training Essen', 'description': 'BeBody in Dortmund bietet dir das fortschrittlichste EMS Training für schnelle &amp; sichtbare Ergebnisse. Bei BeBody erwartet dich eine angenehme und einladende Atmosphäre. Um dir die Exklusivität des Personal Trainings bieten zu können, finden sämtliche EMS-Trainings ausschließlich nach vorheriger Terminvereinbarung statt. Nur so kann die Regelmäßigkeit des Trainings gewährleistet und gemeinsam der &quot;innere Schweinehund&quot; bezwungen werden. Dein BeBody-Team erarbeitet gemeinsam mit dir, deinen persönlichen Trainingsplan und hält deine Ziele und deine Fortschritte fest. Um langfristig etwas von den erzielten Erfolgen zu haben, bietet dir BeBody zusätzlich zum Personal Training, exklusiv die Ernährungsberatung samt Erstellung des passenden Ernährungskonzeptes an. Vereinbare einfach und schnell deinen Termin bei BeBody. Das Team freut sich auf deinen Besuch!', 'address': {'@type': 'PostalAddress', 'addressLocality': 'Essen, Germany', 'addressCountry': 'Germany', 'postalCode': '45136', 'streetAddress': 'Rellinghauserstrasse 268'}, 'telephone': '', 'geo': {'@type': 'GeoCoordinates', 'latitude': '51.4367391', 'longitude': '7.0295312'}, 'priceRange': '-', 'image': 'https://storage.googleapis.com/download/storage/v1/b/usc-pro-uscweb-live-media/o/de-live%2Foriginal_1024x576_custom-7735_AWWBC.jpg?alt=media'}",51.4367391,7.0295312,"BeBody in Dortmund bietet dir das fortschrittlichste EMS Training für schnelle &amp; sichtbare Ergebnisse. Bei BeBody erwartet dich eine angenehme und einladende Atmosphäre. Um dir die Exklusivität des Personal Trainings bieten zu können, finden sämtliche EMS-Trainings ausschließlich nach vorheriger Terminvereinbarung statt. Nur so kann die Regelmäßigkeit des Trainings gewährleistet und gemeinsam der &quot;innere Schweinehund&quot; bezwungen werden. Dein BeBody-Team erarbeitet gemeinsam mit dir, deinen persönlichen Trainingsplan und hält deine Ziele und deine Fortschritte fest. Um langfristig etwas von den erzielten Erfolgen zu haben, bietet dir BeBody zusätzlich zum Personal Training, exklusiv die Ernährungsberatung samt Erstellung des passenden Ernährungskonzeptes an. Vereinbare einfach und schnell deinen Termin bei BeBody. Das Team freut sich auf deinen Besuch!"
BeBody EMS Training - Gelsenkirchen,"['EMS', 'EMS Cardio']",True,"['L', 'XL']",L,Gelsenkirchen,Cranger Str. 389,https://urbansportsclub.com//de/venues/bebody-ems-training-gelsenkirchen,"{'@context': 'http://schema.org', '@type': 'LocalBusiness', 'name': 'BeBody EMS Training - Gelsenkirchen', 'description': 'BeBody bietet dir das fortschrittlichste EMS Training für schnelle &amp; sichtbare Ergebnisse. Bei BeBody erwartet dich eine angenehme und einladende Atmosphäre. Um dir die Exklusivität des Personal Trainings bieten zu können, finden sämtliche EMS-Trainings ausschließlich nach vorheriger Terminvereinbarung statt. Nur so kann die Regelmäßigkeit des Trainings gewährleistet und gemeinsam der &quot;innere Schweinehund&quot; bezwungen werden. Dein BeBody-Team erarbeitet gemeinsam mit dir, deinen persönlichen Trainingsplan und hält deine Ziele und deine Fortschritte fest. Um langfristig etwas von den erzielten Erfolgen zu haben, bietet dir BeBody zusätzlich zum Personal Training, exklusiv die Ernährungsberatung samt Erstellung des passenden Ernährungskonzeptes an. Vereinbare einfach und schnell deinen Termin bei BeBody. Das Team freut sich auf deinen Besuch!', 'address': {'@type': 'PostalAddress', 'addressLocality': 'Essen, Germany', 'addressCountry': 'Germany', 'postalCode': '45891', 'streetAddress': 'Cranger Str. 389'}, 'telephone': '', 'geo': {'@type': 'GeoCoordinates', 'latitude': '51.5540656', 'longitude': '7.0996892'}, 'priceRange': '-', 'image': 'https://storage.googleapis.com/download/storage/v1/b/usc-pro-uscweb-live-media/o/de-live%2Foriginal_1650x928_EMSCompressed_1543839471951409_admin.jpg?alt=media'}",51.5540656,7.0996892,"BeBody bietet dir das fortschrittlichste EMS Training für schnelle &amp; sichtbare Ergebnisse. Bei BeBody erwartet dich eine angenehme und einladende Atmosphäre. Um dir die Exklusivität des Personal Trainings bieten zu können, finden sämtliche EMS-Trainings ausschließlich nach vorheriger Terminvereinbarung statt. Nur so kann die Regelmäßigkeit des Trainings gewährleistet und gemeinsam der &quot;innere Schweinehund&quot; bezwungen werden. Dein BeBody-Team erarbeitet gemeinsam mit dir, deinen persönlichen Trainingsplan und hält deine Ziele und deine Fortschritte fest. Um langfristig etwas von den erzielten Erfolgen zu haben, bietet dir BeBody zusätzlich zum Personal Training, exklusiv die Ernährungsberatung samt Erstellung des passenden Ernährungskonzeptes an. Vereinbare einfach und schnell deinen Termin bei BeBody. Das Team freut sich auf deinen Besuch!"
Bodystreet Essen Paulinenstraße,['EMS'],True,['XL'],XL,Rüttenscheid,Elfriedenstraße 40,https://urbansportsclub.com//de/venues/bodystreet-essen-paulinenstrasse,"{'@context': 'http://schema.org', '@type': 'LocalBusiness', 'name': 'Bodystreet Essen Paulinenstraße', 'description': 'Das EMS-Studio, das Zeit spart: 20 Minuten Training pro Woche reichen! Bodystreet setzt auf EMS-Training. Das ist eine innovative und besonders effiziente Muskelstimulierung und hilft bei den wichtigsten Trainingszielen: Gewicht verlieren, Rücken stärken, Muskeln aufbauen, Körper straffen, Wohlbefinden steigern, etc.', 'address': {'@type': 'PostalAddress', 'addressLocality': 'Essen, Germany', 'addressCountry': 'Germany', 'postalCode': '45130', 'streetAddress': 'Elfriedenstraße 40'}, 'telephone': '', 'geo': {'@type': 'GeoCoordinates', 'latitude': '51.4338203', 'longitude': '7.0117058'}, 'priceRange': '-', 'image': 'https://storage.googleapis.com/download/storage/v1/b/usc-pro-uscweb-live-media/o/de-live%2Foriginal_3000x1688_090f1bf05b72-paul_drinnen_3_1658934059581788_admin.jpg?generation=1658934059737463&amp;alt=media'}",51.4338203,7.0117058,"Das EMS-Studio, das Zeit spart: 20 Minuten Training pro Woche reichen! Bodystreet setzt auf EMS-Training. Das ist eine innovative und besonders effiziente Muskelstimulierung und hilft bei den wichtigsten Trainingszielen: Gewicht verlieren, Rücken stärken, Muskeln aufbauen, Körper straffen, Wohlbefinden steigern, etc."
Bootchamps - Essen,['Bootcamp'],False,"['M', 'L', 'XL']",M,Holsterhausen,Am Alfredspark,https://urbansportsclub.com//de/venues/bootchamps-essen,"{'@context': 'http://schema.org', '@type': 'LocalBusiness', 'name': 'Bootchamps - Essen', 'description': 'Be a ChAMP, join the CAMP! Unser hochintensives Zirkeltraining bringt deinen gesamten Körper in Bewegung und die Kalorienverbrennung läuft auf Hochtouren! Egal ob Einsteiger oder Experte – gemeinsam mit Gleichgesinnten pusht ihr euch im Team gegenseitig zu Bestleistungen. Ob im Bootcamp, beim BootTrail oder im Personal Training (1:1 oder 2:1) - an der frischen Luft und in natürlicher Umgebung sorgen unsere bestens ausgebildeten Personal-Coaches für den richtigen Mix aus Abwechslung, Spaß &amp; Motivation. Für Firmen bieten wir maßgeschneiderte Lösungen im Rahmen des Betrieblichen Gesundheitsmanagement. Vereine profitieren von professionellem Athletiktraining. Ein Ereignis besonderer Art sind unsere Fitness-Reisen, die BOOTChAMP&#039;s Beach Camps. Informiere dich jetzt auf https://www.bootchamps.de über die Trainingszeiten an deinem Wunschstandort oder nutze unsere neue Live-Chat-Funktion um deine Fragen los zu werden. Dein BOOTCHAMP`s Team freut sich darauf, dich fit machen zu dürfen.', 'address': {'@type': 'PostalAddress', 'addressLocality': 'Essen, Germany', 'addressCountry': 'Germany', 'postalCode': '45145', 'streetAddress': 'Am Alfredspark'}, 'telephone': '', 'geo': {'@type': 'GeoCoordinates', 'latitude': '51.445124', 'longitude': '6.983541'}, 'priceRange': '-', 'image': 'https://storage.googleapis.com/download/storage/v1/b/usc-pro-uscweb-live-media/o/de-live%2Foriginal_1064x599_8FF3B211-3A88-4B4A-948F-E03EAFA9A988_1551962497185071_admin.jpeg?alt=media'}",51.445124,6.983541,"Be a ChAMP, join the CAMP! Unser hochintensives Zirkeltraining bringt deinen gesamten Körper in Bewegung und die Kalorienverbrennung läuft auf Hochtouren! Egal ob Einsteiger oder Experte – gemeinsam mit Gleichgesinnten pusht ihr euch im Team gegenseitig zu Bestleistungen. Ob im Bootcamp, beim BootTrail oder im Personal Training (1:1 oder 2:1) - an der frischen Luft und in natürlicher Umgebung sorgen unsere bestens ausgebildeten Personal-Coaches für den richtigen Mix aus Abwechslung, Spaß &amp; Motivation. Für Firmen bieten wir maßgeschneiderte Lösungen im Rahmen des Betrieblichen Gesundheitsmanagement. Vereine profitieren von professionellem Athletiktraining. Ein Ereignis besonderer Art sind unsere Fitness-Reisen, die BOOTChAMP&#039;s Beach Camps. Informiere dich jetzt auf https://www.bootchamps.de über die Trainingszeiten an deinem Wunschstandort oder nutze unsere neue Live-Chat-Funktion um deine Fragen los zu werden. Dein BOOTCHAMP`s Team freut sich darauf, dich fit machen zu dürfen."
Bootchamps - Hattingen,['Bootcamp'],False,"['M', 'L', 'XL']",M,Hattingen,Sünsbruch 1,https://urbansportsclub.com//de/venues/bootchamps-hattingen,"{'@context': 'http://schema.org', '@type': 'LocalBusiness', 'name': 'Bootchamps - Hattingen', 'description': 'Be a ChAMP, join the CAMP! Unser hochintensives Zirkeltraining bringt deinen gesamten Körper in Bewegung und die Kalorienverbrennung läuft auf Hochtouren! Egal ob Einsteiger oder Experte – gemeinsam mit Gleichgesinnten pusht ihr euch im Team gegenseitig zu Bestleistungen. Ob im Bootcamp, beim BootTrail oder im Personal Training (1:1 oder 2:1) - an der frischen Luft und in natürlicher Umgebung sorgen unsere bestens ausgebildeten Personal-Coaches für den richtigen Mix aus Abwechslung, Spaß &amp; Motivation. Für Firmen bieten wir maßgeschneiderte Lösungen im Rahmen des Betrieblichen Gesundheitsmanagement. Vereine profitieren von professionellem Athletiktraining. Ein Ereignis besonderer Art sind unsere Fitness-Reisen, die BOOTChAMP&#039;s Beach Camps. Informiere dich jetzt auf https://www.bootchamps.de über die Trainingszeiten an deinem Wunschstandort oder nutze unsere neue Live-Chat-Funktion um deine Fragen los zu werden. Dein BOOTCHAMP`s Team freut sich darauf, dich fit machen zu dürfen.', 'address': {'@type': 'PostalAddress', 'addressLocality': 'Essen, Germany', 'addressCountry': 'Germany', 'postalCode': '45527', 'streetAddress': 'Sünsbruch 1'}, 'telephone': '', 'geo': {'@type': 'GeoCoordinates', 'latitude': '51.388092', 'longitude': '7.194225'}, 'priceRange': '-', 'image': 'https://storage.googleapis.com/download/storage/v1/b/usc-pro-uscweb-live-media/o/de-live%2Foriginal_1051x591_A7E6463A-241A-4A49-81E5-06DD858AA59D_1551962609178584_admin.jpeg?alt=media'}",51.388092,7.194225,"Be a ChAMP, join the CAMP! Unser hochintensives Zirkeltraining bringt deinen gesamten Körper in Bewegung und die Kalorienverbrennung läuft auf Hochtouren! Egal ob Einsteiger oder Experte – gemeinsam mit Gleichgesinnten pusht ihr euch im Team gegenseitig zu Bestleistungen. Ob im Bootcamp, beim BootTrail oder im Personal Training (1:1 oder 2:1) - an der frischen Luft und in natürlicher Umgebung sorgen unsere bestens ausgebildeten Personal-Coaches für den richtigen Mix aus Abwechslung, Spaß &amp; Motivation. Für Firmen bieten wir maßgeschneiderte Lösungen im Rahmen des Betrieblichen Gesundheitsmanagement. Vereine profitieren von professionellem Athletiktraining. Ein Ereignis besonderer Art sind unsere Fitness-Reisen, die BOOTChAMP&#039;s Beach Camps. Informiere dich jetzt auf https://www.bootchamps.de über die Trainingszeiten an deinem Wunschstandort oder nutze unsere neue Live-Chat-Funktion um deine Fragen los zu werden. Dein BOOTCHAMP`s Team freut sich darauf, dich fit machen zu dürfen."
EMS Studio Kettwig,"['EMS', 'EMS Cardio']",True,"['L', 'XL']",L,Kettwig,Ringstr. 155,https://urbansportsclub.com//de/venues/ems-studio-kettwig,"{'@context': 'http://schema.org', '@type': 'LocalBusiness', 'name': 'EMS Studio Kettwig', 'description': 'Beim EMS Studio in Essen-Kettwig erfährst du nicht nur, wie effektiv und erfolgreich EMS Training ist, sondern wirst dazu ganz persönlich und professionell betreut und fühlst dich einfach aufgehoben. Mit diesem 20-minütigen Training erzielst du die gleichen Effekte wie mit einem mehrstündigen, herkömmlichen Kraft- und Gerätetraining. Das Körpergefühl verbessert sich, die Leistungsfähigkeit wird gesteigert und du fühlst dich stabiler und straffer. Egal ob Rückenschmerzen, Körperformung, Rückbildung nach der Schwangerschaft oder Cellulite - Das Team begleitet dich vom erfassen deines Trainingszieles, über die Trainingsplanung und Ausführung bis zur Zielerreichung und ist voll für dich da!', 'address': {'@type': 'PostalAddress', 'addressLocality': 'Essen, Germany', 'addressCountry': 'Germany', 'postalCode': '45219', 'streetAddress': 'Ringstr. 155'}, 'telephone': '', 'geo': {'@type': 'GeoCoordinates', 'latitude': '51.3592065', 'longitude': '6.9339778'}, 'priceRange': '-', 'image': 'https://storage.googleapis.com/download/storage/v1/b/usc-pro-uscweb-live-media/o/de-live%2Foriginal_1600x900_14524537_1264521910266423_8205919168508101808_o.jpg?alt=media'}",51.3592065,6.9339778,"Beim EMS Studio in Essen-Kettwig erfährst du nicht nur, wie effektiv und erfolgreich EMS Training ist, sondern wirst dazu ganz persönlich und professionell betreut und fühlst dich einfach aufgehoben. Mit diesem 20-minütigen Training erzielst du die gleichen Effekte wie mit einem mehrstündigen, herkömmlichen Kraft- und Gerätetraining. Das Körpergefühl verbessert sich, die Leistungsfähigkeit wird gesteigert und du fühlst dich stabiler und straffer. Egal ob Rückenschmerzen, Körperformung, Rückbildung nach der Schwangerschaft oder Cellulite - Das Team begleitet dich vom erfassen deines Trainingszieles, über die Trainingsplanung und Ausführung bis zur Zielerreichung und ist voll für dich da!"
Easyfitness Bottrop,['Fitness'],False,"['M', 'L', 'XL']",M,Bottrop,Hansastraße 7,https://urbansportsclub.com//de/venues/easyfitness-bottrop,"{'@context': 'http://schema.org', '@type': 'LocalBusiness', 'name': 'Easyfitness Bottrop', 'description': 'Easyfitness Bottrop freut sich auf Dich!', 'address': {'@type': 'PostalAddress', 'addressLocality': 'Essen, Germany', 'addressCountry': 'Germany', 'postalCode': '46236', 'streetAddress': 'Hansastraße 7'}, 'telephone': '', 'geo': {'@type': 'GeoCoordinates', 'latitude': '51.5215268', 'longitude': '6.9246518'}, 'priceRange': '-', 'image': 'https://storage.googleapis.com/download/storage/v1/b/usc-pro-uscweb-live-media/o/de-live%2Foriginal_1024x576_tatunv92ztzsjlznjt5v_1683715514487290.jpg?generation=1683715514523740&amp;alt=media'}",51.5215268,6.9246518,Easyfitness Bottrop freut sich auf Dich!
Go! Fitness,"['Fitness', 'Indoorcycling', 'Moderne Selbstverteidigung', 'Pilates', 'Traditionell-Asiatische Kampfkünste', 'Yoga']",False,"['S', 'M', 'L', 'XL']",S,Kray,Am Zehnthof 194,https://urbansportsclub.com//de/venues/go-fitness,"{'@context': 'http://schema.org', '@type': 'LocalBusiness', 'name': 'Go! Fitness', 'description': 'Warum GO! Fitness??? Du stehst in den Startlöchern zu mehr Vitalität. Deine Gegner: Alltagsstress, Übergewicht oder gesundheitliche Probleme. Oder du willst einfach noch mehr aus dir rausholen. Egal was dich bewegt, im GO! bekommst du die professionelle Unterstützung vom Startblock bis zur Ziellinie. Im GO! verbesserst du deine Vitalität in angenehmer Atmosphäre, gemeinsam mit Gleichgesinnten. Kein Stress und keine Superhelden. Jung und Alt – jeder bekommt hier sein individuelles Vitalitätsprogramm rund um bewusste Bewegung, gesunde Ernährung und wohltuende Entspannung. Du kannst deine Gesundheit fördern, dich zu Ernährungsthemen beraten lassen, dich intensiv bewegen oder den perfekten Ausgleich finden. Also, worauf wartest Du noch? Starte jetzt zu einem gesünderen Lebensstil.', 'address': {'@type': 'PostalAddress', 'addressLocality': 'Essen, Germany', 'addressCountry': 'Germany', 'postalCode': '45307', 'streetAddress': 'Am Zehnthof 194'}, 'telephone': '', 'geo': {'@type': 'GeoCoordinates', 'latitude': '51.4580704', 'longitude': '7.0724138'}, 'priceRange': '-', 'image': 'https://storage.googleapis.com/download/storage/v1/b/usc-pro-uscweb-live-media/o/de-live%2Foriginal_1024x576_1013495_455159861278851_664821221_n.jpg?alt=media'}",51.4580704,7.0724138,"Warum GO! Fitness??? Du stehst in den Startlöchern zu mehr Vitalität. Deine Gegner: Alltagsstress, Übergewicht oder gesundheitliche Probleme. Oder du willst einfach noch mehr aus dir rausholen. Egal was dich bewegt, im GO! bekommst du die professionelle Unterstützung vom Startblock bis zur Ziellinie. Im GO! verbesserst du deine Vitalität in angenehmer Atmosphäre, gemeinsam mit Gleichgesinnten. Kein Stress und keine Superhelden. Jung und Alt – jeder bekommt hier sein individuelles Vitalitätsprogramm rund um bewusste Bewegung, gesunde Ernährung und wohltuende Entspannung. Du kannst deine Gesundheit fördern, dich zu Ernährungsthemen beraten lassen, dich intensiv bewegen oder den perfekten Ausgleich finden. Also, worauf wartest Du noch? Starte jetzt zu einem gesünderen Lebensstil."
Greenspirit Yoga,['Yoga'],False,"['M', 'L', 'XL']",M,Rüttenscheid,Florastrasse 9,https://urbansportsclub.com//de/venues/greenspirit-yoga,"{'@context': 'http://schema.org', '@type': 'LocalBusiness', 'name': 'Greenspirit Yoga', 'description': 'Hallo und herzliche Grüße vom Greenspirit Yoga Team. Hast du jetzt echt Lust auf Yoga + Meditation bekommen? Möchtest du mehrmals in der Woche oder sogar täglich von Montags bis Freitags, schon früh am Morgen durchstarten und möchtest mit Yoga + Meditation dein Lebensgefühl bestärken? Möchtest du dich schon morgens früh vor deiner Arbeit ruhiger, zugleich aber auch dynamischer fühlen? Dann hat du jetzt bei uns genau das Richtige für dich gefunden. Erlebe dich selbst in unseren täglichen Wake Up Stunden, in denen die Meditation ein fester Bestandteil ist. Es ist ein großartiges Gefühl, wenn du vor acht in der Früh zu dir selbst sagen kannst, dass du schon „etwas erledigt“ hast, ein Todo weniger auf deiner Liste… und außerdem: Es war auch noch etwas Positives für dich selbst. Es dauert nicht lang, bis du dich an die ungewohnte sportliche Betätigung in der Früh gewöhnt hast. Nach ein paar Mal wirst du merken, wie du auf einmal energiegeladener bist. Yoga am Morgen wird leichter zur Gewohnheit, denn grade am Abend kommt doch schnell einmal etwas dazwischen, oder? Da wollen die Kollegen oder Kunden vielleicht noch mal ausgehen, oder du musst für ein Projekt länger in der Firma bleiben. Oder eben beides. Wenn du regelmäßig in der Früh Wake Up Yoga übst wirst du auch am Abend früher schlafen gehen wollen und mehr auf deinen Schlaf achten. Wake Up Yoga am Morgen wirkt auch viel viel besser als jeder Kaffee – du wirst sehen, dass du auch ohne Kaffee munter wirst, bist und bleibst. Die Gleichung hier ist: Besserer Schlaf = ausgeschlafener = schönerer Mensch. Das ist doch mal ein Ziel, das es sich zu erreichen lohnt, oder? Die Übungen sind dynamisch, fordernd und meist von ruhiger Musik begleitet. Nach genau 60 Minuten intensiver Praxis, in der sich Bewegung und Atmung zu einem fließenden Erlebnis verbinden, wird der erste Teil beendet. Du kannst nun, deinen Körper und Geist zurück ins Gleichgewicht gebracht, die Stunde um 7:00 Uhr verlassen, um mit einem inneren Lächeln in den Tag zu starten. Wenn du die wunderbare Wirkung der Meditation erfahren möchtest, laden wir dich für weitere 30 Minuten auf eine Reise zu dir selbst ein, die pünktlich um 7:30 Uhr beendet ist. Inspiriere dich! Meditiere vielleicht darüber, welche Stärken dir helfen könnten, deine Ziele für den kommenden Tag zu erreichen. Möchtest du konzentrierter, geduldiger, verantwortungsbewusster, rücksichtsvoller, lockerer oder disziplinierter sein? Bei regelmäßiger Übung kannst du z.B. Eigenschaften in dir stärker werden lassen. So hast du die morgendliche Stunde am effektivsten genutzt, denn die Menge an Energie, die durch Meditation zugeführt wird, ist wesentlich größer als die während des Schlafes. Du wirst den Anforderungen des Alltags spürbar entspannter und gelassener begegnen. Kraftvoll und ausgeruht startest du in den Tag. Erhalte über deine Urban Sports Mitgliedschaft den Zutritt zu unseren täglichen Wake Up Stunden und zu Easy Yoga - immer Dienstags und Freitags vormittags. Ralf &amp; Jara Greenspirit Yoga Team', 'address': {'@type': 'PostalAddress', 'addressLocality': 'Essen, Germany', 'addressCountry': 'Germany', 'postalCode': '45131', 'streetAddress': 'Florastrasse 9'}, 'telephone': '+49 201 52065980', 'geo': {'@type': 'GeoCoordinates', 'latitude': '51.4268522', 'longitude': '7.0011643'}, 'priceRange': '-', 'image': 'https://storage.googleapis.com/download/storage/v1/b/usc-pro-uscweb-live-media/o/de-live%2Foriginal_1096x617_mg2tpm8hi5zd0pbnptea_1677221434364387.png?generation=1677221434448912&amp;alt=media'}",51.4268522,7.0011643,"Hallo und herzliche Grüße vom Greenspirit Yoga Team. Hast du jetzt echt Lust auf Yoga + Meditation bekommen? Möchtest du mehrmals in der Woche oder sogar täglich von Montags bis Freitags, schon früh am Morgen durchstarten und möchtest mit Yoga + Meditation dein Lebensgefühl bestärken? Möchtest du dich schon morgens früh vor deiner Arbeit ruhiger, zugleich aber auch dynamischer fühlen? Dann hat du jetzt bei uns genau das Richtige für dich gefunden. Erlebe dich selbst in unseren täglichen Wake Up Stunden, in denen die Meditation ein fester Bestandteil ist. Es ist ein großartiges Gefühl, wenn du vor acht in der Früh zu dir selbst sagen kannst, dass du schon „etwas erledigt“ hast, ein Todo weniger auf deiner Liste… und außerdem: Es war auch noch etwas Positives für dich selbst. Es dauert nicht lang, bis du dich an die ungewohnte sportliche Betätigung in der Früh gewöhnt hast. Nach ein paar Mal wirst du merken, wie du auf einmal energiegeladener bist. Yoga am Morgen wird leichter zur Gewohnheit, denn grade am Abend kommt doch schnell einmal etwas dazwischen, oder? Da wollen die Kollegen oder Kunden vielleicht noch mal ausgehen, oder du musst für ein Projekt länger in der Firma bleiben. Oder eben beides. Wenn du regelmäßig in der Früh Wake Up Yoga übst wirst du auch am Abend früher schlafen gehen wollen und mehr auf deinen Schlaf achten. Wake Up Yoga am Morgen wirkt auch viel viel besser als jeder Kaffee – du wirst sehen, dass du auch ohne Kaffee munter wirst, bist und bleibst. Die Gleichung hier ist: Besserer Schlaf = ausgeschlafener = schönerer Mensch. Das ist doch mal ein Ziel, das es sich zu erreichen lohnt, oder? Die Übungen sind dynamisch, fordernd und meist von ruhiger Musik begleitet. Nach genau 60 Minuten intensiver Praxis, in der sich Bewegung und Atmung zu einem fließenden Erlebnis verbinden, wird der erste Teil beendet. Du kannst nun, deinen Körper und Geist zurück ins Gleichgewicht gebracht, die Stunde um 7:00 Uhr verlassen, um mit einem inneren Lächeln in den Tag zu starten. Wenn du die wunderbare Wirkung der Meditation erfahren möchtest, laden wir dich für weitere 30 Minuten auf eine Reise zu dir selbst ein, die pünktlich um 7:30 Uhr beendet ist. Inspiriere dich! Meditiere vielleicht darüber, welche Stärken dir helfen könnten, deine Ziele für den kommenden Tag zu erreichen. Möchtest du konzentrierter, geduldiger, verantwortungsbewusster, rücksichtsvoller, lockerer oder disziplinierter sein? Bei regelmäßiger Übung kannst du z.B. Eigenschaften in dir stärker werden lassen. So hast du die morgendliche Stunde am effektivsten genutzt, denn die Menge an Energie, die durch Meditation zugeführt wird, ist wesentlich größer als die während des Schlafes. Du wirst den Anforderungen des Alltags spürbar entspannter und gelassener begegnen. Kraftvoll und ausgeruht startest du in den Tag. Erhalte über deine Urban Sports Mitgliedschaft den Zutritt zu unseren täglichen Wake Up Stunden und zu Easy Yoga - immer Dienstags und Freitags vormittags. Ralf &amp; Jara Greenspirit Yoga Team"
Himalaya Yoga - Essen,['Yoga'],False,"['M', 'L', 'XL']",M,Rüttenscheid,Dohmanns Kamp 2,https://urbansportsclub.com//de/venues/himalaya-yoga-essen,"{'@context': 'http://schema.org', '@type': 'LocalBusiness', 'name': 'Himalaya Yoga - Essen', 'description': 'HATHA - TRADITIONELLES YOGA FÜR ANFÄNGER UND YOGA-MEISTER. Yogi Gaurav aus dem Himalaya ist jetzt in Deutschland! 🙏 Sei dabei wenn traditionelles Hatha Yoga auf die Ruhe der höchsten Berge der Welt trifft! So werden diese 60 Minuten auch DEIN Leben mit sofortiger Wirkung beeinflussen: 👉 Erfahre tiefere Dimensionen und direkte Fortschritte deines Yoga 👉Erlebe innere Ruhe durch traditionelles Hatha Yoga des Himalaya 👉Reinige dein Körpersystem - physisch, mental und energetisch', 'address': {'@type': 'PostalAddress', 'addressLocality': 'Essen, Germany', 'addressCountry': 'Germany', 'postalCode': '45130', 'streetAddress': 'Dohmanns Kamp 2'}, 'telephone': '', 'geo': {'@type': 'GeoCoordinates', 'latitude': '51.4394438', 'longitude': '7.0076751'}, 'priceRange': '-', 'image': 'https://storage.googleapis.com/download/storage/v1/b/usc-pro-uscweb-live-media/o/de-live%2Foriginal_3648x2052_e79caf61339e-IMG_20210214_184202_1708687522121050_admin.jpeg?generation=1708687522201508&amp;alt=media'}",51.4394438,7.0076751,"HATHA - TRADITIONELLES YOGA FÜR ANFÄNGER UND YOGA-MEISTER. Yogi Gaurav aus dem Himalaya ist jetzt in Deutschland! 🙏 Sei dabei wenn traditionelles Hatha Yoga auf die Ruhe der höchsten Berge der Welt trifft! So werden diese 60 Minuten auch DEIN Leben mit sofortiger Wirkung beeinflussen: 👉 Erfahre tiefere Dimensionen und direkte Fortschritte deines Yoga 👉Erlebe innere Ruhe durch traditionelles Hatha Yoga des Himalaya 👉Reinige dein Körpersystem - physisch, mental und energetisch"
Kadampa Meditationszentrum Essen,['Meditation'],False,"['M', 'L', 'XL']",M,Rüttenscheid,Friederikenstr 25,https://urbansportsclub.com//de/venues/tushita-zentrum-fur-kadampa-buddhismus-ev,"{'@context': 'http://schema.org', '@type': 'LocalBusiness', 'name': 'Kadampa Meditationszentrum Essen', 'description': 'Meditation hilft uns, inneren Frieden zu erfahren – ungeachtet der äußeren Umstände – und befähigt uns, negative Gedanken durch die Kraft des eigenen Geistes zu überwinden. Wenn die Unruhe der ablenkenden Gedanken nachlässt und unser Geist still wird, steigen tiefes Glück und Zufriedenheit ganz natürlich aus unserem Inneren empor. Im Rahmen dieser Kurse lernst du Meditationen kennen die für jeden geeignet und leicht zu praktizieren sind. Es werden die wesentlichen Punkte der Meditation vermittelt. Die Meditationen können leicht praktiziert werden, haben dennoch große Kraft, unser Leben positiv zu beeinflussen.', 'address': {'@type': 'PostalAddress', 'addressLocality': 'Essen, Germany', 'addressCountry': 'Germany', 'postalCode': '45130', 'streetAddress': 'Friederikenstr 25'}, 'telephone': '', 'geo': {'@type': 'GeoCoordinates', 'latitude': '51.440905', 'longitude': '7.0145663'}, 'priceRange': '-', 'image': 'https://storage.googleapis.com/download/storage/v1/b/usc-pro-uscweb-live-media/o/de-live%2Foriginal_4160x2340_Essen_1_1663069040959195_admin.jpg?generation=1663069041043917&amp;alt=media'}",51.440905,7.0145663,"Meditation hilft uns, inneren Frieden zu erfahren – ungeachtet der äußeren Umstände – und befähigt uns, negative Gedanken durch die Kraft des eigenen Geistes zu überwinden. Wenn die Unruhe der ablenkenden Gedanken nachlässt und unser Geist still wird, steigen tiefes Glück und Zufriedenheit ganz natürlich aus unserem Inneren empor. Im Rahmen dieser Kurse lernst du Meditationen kennen die für jeden geeignet und leicht zu praktizieren sind. Es werden die wesentlichen Punkte der Meditation vermittelt. Die Meditationen können leicht praktiziert werden, haben dennoch große Kraft, unser Leben positiv zu beeinflussen."
Kampfsportschule Essen,"['Lauftreff', 'Yoga']",False,"['M', 'L', 'XL']",M,Bergerhausen,Schürmannstraße 43A,https://urbansportsclub.com//de/venues/kampfsportschule-psv-essen,"{'@context': 'http://schema.org', '@type': 'LocalBusiness', 'name': 'Kampfsportschule Essen', 'description': 'Kampfsporttraining und Fitness-Kurse für Frauen und Männer. Hier kann jeder mit trainieren und so die vielen schönen Seiten des Kampfsports für sich selbst entdecken. Neben einer starken und rücksichtsvollen Gemeinschaft findest Du in der Kampfsportschule Essen ein professionelles Trainerteam für den Ausbau Deiner Fähigkeiten. Wir sind eine Abteilung des Polizeisportvereins Essen 1922 e. V. Als Kampfsport-Schule Essen bieten wir Kampfsporttraining und Fitness-Kurse für Frauen und Männer. Doch was bedeutet dies für dich? An sechs Tagen die Woche kannst Du in unserem Gym Brasilian Jiu-Jitsu, Muay Thai (Thaiboxen), klassisches Boxen, Luta Livre (brasilianisches Ringen, auch Grappling gennant), Mixed Martial Arts , Yoga, funktionelle Fitness/Crossfitness und vieles mehr trainieren. Alles von Interesse findest Du hier auf unserer Seite. Sollten noch Fragen offenbleiben, schreib uns gerne persönlich. Hoffentlich bis bald auf der Matte.', 'address': {'@type': 'PostalAddress', 'addressLocality': 'Essen, Germany', 'addressCountry': 'Germany', 'postalCode': '45136', 'streetAddress': 'Schürmannstraße 43A'}, 'telephone': '', 'geo': {'@type': 'GeoCoordinates', 'latitude': '51.433069', 'longitude': '7.031428'}, 'priceRange': '-', 'image': 'https://storage.googleapis.com/download/storage/v1/b/usc-pro-uscweb-live-media/o/de-live%2Foriginal_1024x576_887774972523-Lowkick_1_163722986092514_admin.jpg?generation=1637229860174625&amp;alt=media'}",51.433069,7.031428,"Kampfsporttraining und Fitness-Kurse für Frauen und Männer. Hier kann jeder mit trainieren und so die vielen schönen Seiten des Kampfsports für sich selbst entdecken. Neben einer starken und rücksichtsvollen Gemeinschaft findest Du in der Kampfsportschule Essen ein professionelles Trainerteam für den Ausbau Deiner Fähigkeiten. Wir sind eine Abteilung des Polizeisportvereins Essen 1922 e. V. Als Kampfsport-Schule Essen bieten wir Kampfsporttraining und Fitness-Kurse für Frauen und Männer. Doch was bedeutet dies für dich? An sechs Tagen die Woche kannst Du in unserem Gym Brasilian Jiu-Jitsu, Muay Thai (Thaiboxen), klassisches Boxen, Luta Livre (brasilianisches Ringen, auch Grappling gennant), Mixed Martial Arts , Yoga, funktionelle Fitness/Crossfitness und vieles mehr trainieren. Alles von Interesse findest Du hier auf unserer Seite. Sollten noch Fragen offenbleiben, schreib uns gerne persönlich. Hoffentlich bis bald auf der Matte."
Körpergefühl,['Yoga'],False,"['M', 'L', 'XL']",M,Südviertel,Sibyllastr. 15,https://urbansportsclub.com//de/venues/korpergefuhl,"{'@context': 'http://schema.org', '@type': 'LocalBusiness', 'name': 'Körpergefühl', 'description': 'Entschleunigen und auf allen Ebenen entspannen, das erwartet dich bei deiner wohltuenden Massage bei Körpergefühl. Gönne Dir deine ganz persönliche Auszeit, um Kraft für die stetigen Herausforderungen des Lebens zu schöpfen. Den eigenen Körper bewusster wahrnehmen und die Kunst des Loslassens erlernen. Körperliche und geistige Verspannungen und Blockaden werden mit den Mitteln der Massage gelöst. Also nichts wie los und buche deinen einzigartigen Massagetermin im Körpergefühl noch heute!', 'address': {'@type': 'PostalAddress', 'addressLocality': 'Essen, Germany', 'addressCountry': 'Germany', 'postalCode': '45136', 'streetAddress': 'Sibyllastr. 15'}, 'telephone': '+49 162 1943574', 'geo': {'@type': 'GeoCoordinates', 'latitude': '51.438212', 'longitude': '7.0247206'}, 'priceRange': '-', 'image': 'https://storage.googleapis.com/download/storage/v1/b/usc-pro-uscweb-live-media/o/de-live%2Foriginal_940x528_inyjs0anl6by3ziasuyk_1693247665660415.png?generation=1693247665843730&amp;alt=media'}",51.438212,7.0247206,"Entschleunigen und auf allen Ebenen entspannen, das erwartet dich bei deiner wohltuenden Massage bei Körpergefühl. Gönne Dir deine ganz persönliche Auszeit, um Kraft für die stetigen Herausforderungen des Lebens zu schöpfen. Den eigenen Körper bewusster wahrnehmen und die Kunst des Loslassens erlernen. Körperliche und geistige Verspannungen und Blockaden werden mit den Mitteln der Massage gelöst. Also nichts wie los und buche deinen einzigartigen Massagetermin im Körpergefühl noch heute!"
Original Bootcamp - Essen Schillerwiese,"['Bootcamp', 'Funktionelles Training']",False,"['M', 'L', 'XL']",M,Rüttenscheid,Wittenbergstraße 138,https://urbansportsclub.com//de/venues/original-bootcamp-essen-schillerwiese,"{'@context': 'http://schema.org', '@type': 'LocalBusiness', 'name': 'Original Bootcamp - Essen Schillerwiese', 'description': 'Starte mit Outdoor HIIT Trainings by Original Bootcamp mit Power und der Extraportion Frischluft ins Wochenende! Bei der Nr. 1 für Outdoor Fitness gibst du am Wochenende nochmal richtig Gas: Frische Luft, Deutschlands beste Coaches und ein effektives HIIT Training holen dir die anstrengende Woche aus den Knochen und machen dich fit für alles, was kommt. Werde fit für den Alltag dank Functional Training: Bei unseren Outdoor Fitness Workouts trainieren wir nach den neuesten sportwissenschaftlichen Erkenntnissen und der Functional Training Methode – einem ganzheitlichen Trainingsansatz, der den Anforderungen des Alltags gerecht wird. Das High Intensity Intervall Training (HIIT) regt deinen Stoffwechsel an und lässt überflüssige Pfunde fast wie von allein schmelzen. Booste dein Immunsystem mit Frischluft: Bei uns trainierst du immer draußen – egal bei welchem Wetter. Das stärkt dein Immunsystem, bringt deinen Kreislauf in Schwung und erhöht dein allgemeines Wohlbefinden. Eine willkommene Abwechslung für unseren Alltag, bei dem wir die meiste Zeit drinnen verbringen. Profitiere von persönlicher Betreuung durch Top-Trainer:innen: Unsere Coaches haben exzellentes Know-how und das Herz am rechten Fleck. Mit Fortbildungen und regelmäßigen Qualitätskontrollen stellen wir sicher, dass du zu jeder Zeit das beste und effektivste Training geboten bekommst.', 'address': {'@type': 'PostalAddress', 'addressLocality': 'Essen, Germany', 'addressCountry': 'Germany', 'postalCode': '45133', 'streetAddress': 'Wittenbergstraße 138'}, 'telephone': '', 'geo': {'@type': 'GeoCoordinates', 'latitude': '51.421', 'longitude': '7.018'}, 'priceRange': '-', 'image': 'https://storage.googleapis.com/download/storage/v1/b/usc-pro-uscweb-live-media/o/de-live%2Foriginal_1024x576_de-live_venueHome_1024x576_7cdad72511576a6f7a6713e56fe7faf8_1680779650954918_admin_1700766143545952_admin.jpeg?generation=1700766143616596&amp;alt=media'}",51.421,7.018,"Starte mit Outdoor HIIT Trainings by Original Bootcamp mit Power und der Extraportion Frischluft ins Wochenende! Bei der Nr. 1 für Outdoor Fitness gibst du am Wochenende nochmal richtig Gas: Frische Luft, Deutschlands beste Coaches und ein effektives HIIT Training holen dir die anstrengende Woche aus den Knochen und machen dich fit für alles, was kommt. Werde fit für den Alltag dank Functional Training: Bei unseren Outdoor Fitness Workouts trainieren wir nach den neuesten sportwissenschaftlichen Erkenntnissen und der Functional Training Methode – einem ganzheitlichen Trainingsansatz, der den Anforderungen des Alltags gerecht wird. Das High Intensity Intervall Training (HIIT) regt deinen Stoffwechsel an und lässt überflüssige Pfunde fast wie von allein schmelzen. Booste dein Immunsystem mit Frischluft: Bei uns trainierst du immer draußen – egal bei welchem Wetter. Das stärkt dein Immunsystem, bringt deinen Kreislauf in Schwung und erhöht dein allgemeines Wohlbefinden. Eine willkommene Abwechslung für unseren Alltag, bei dem wir die meiste Zeit drinnen verbringen. Profitiere von persönlicher Betreuung durch Top-Trainer:innen: Unsere Coaches haben exzellentes Know-how und das Herz am rechten Fleck. Mit Fortbildungen und regelmäßigen Qualitätskontrollen stellen wir sicher, dass du zu jeder Zeit das beste und effektivste Training geboten bekommst."
"Outlex Fitness - Stölting Hafen, Gelsenkirchen",['Fitness'],False,"['M', 'L', 'XL']",M,Gelsenkirchen,Wismarer Weg 60,https://urbansportsclub.com//de/venues/outlex-fitness-gelsenkirchen,"{'@context': 'http://schema.org', '@type': 'LocalBusiness', 'name': 'Outlex Fitness - Stölting Hafen, Gelsenkirchen', 'description': 'Fitness Training auf dem Tretroller - Aqua Fitness auf der Wave Matte. Wir stehen für ausgefallenes und einzigartiges Equipment, ob an Land oder im Wasser. Jedes Training ist bei uns ein richtiges Abenteuer. Mit einem 3-10kg Sandsack erklimmen wir windige Höhen, beim Ausfallschritt streicheln wir die Alpakas und im Sommer schwimmen wir mit Aqua Fitness Hanteln durch warme Flüsse. Die perfekte Kombination für dein Immunsystem. Schalte ab bei den schönsten Locations im Ruhrgebiet mit seinen vielen Halden, den traumhaften Aussichten, tierischen Parkanlagen, bunten Skaterparks und seinen weitläufigen Flüssen. Wir garantieren dir Spaß, Anstrengung, ganz viel Natur und ein einmaliges Erlebnis - Entdecke das Kind in dir. Ob für Anfänger, Fortgeschrittene, oder Profis.', 'address': {'@type': 'PostalAddress', 'addressLocality': 'Essen, Germany', 'addressCountry': 'Germany', 'postalCode': 'Gelsenkrichen', 'streetAddress': 'Wismarer Weg 60'}, 'telephone': '+49 177 2884798', 'geo': {'@type': 'GeoCoordinates', 'latitude': '51.5446172', 'longitude': '7.1017813'}, 'priceRange': '-', 'image': 'https://storage.googleapis.com/download/storage/v1/b/usc-pro-uscweb-live-media/o/de-live%2Foriginal_640x360_mhspcub3hx7rcxiauckv_1698762145403853.png?generation=1698762145447540&amp;alt=media'}",51.5446172,7.1017813,"Fitness Training auf dem Tretroller - Aqua Fitness auf der Wave Matte. Wir stehen für ausgefallenes und einzigartiges Equipment, ob an Land oder im Wasser. Jedes Training ist bei uns ein richtiges Abenteuer. Mit einem 3-10kg Sandsack erklimmen wir windige Höhen, beim Ausfallschritt streicheln wir die Alpakas und im Sommer schwimmen wir mit Aqua Fitness Hanteln durch warme Flüsse. Die perfekte Kombination für dein Immunsystem. Schalte ab bei den schönsten Locations im Ruhrgebiet mit seinen vielen Halden, den traumhaften Aussichten, tierischen Parkanlagen, bunten Skaterparks und seinen weitläufigen Flüssen. Wir garantieren dir Spaß, Anstrengung, ganz viel Natur und ein einmaliges Erlebnis - Entdecke das Kind in dir. Ob für Anfänger, Fortgeschrittene, oder Profis."
POTTPADDLER im Seaside Beach Club,['Stand Up Paddling'],False,"['M', 'L', 'XL']",M,Bredeney,Freiherr-vom-Stein-Straße 384,https://urbansportsclub.com//de/venues/pottpaddler-im-seaside-beach-club,"{'@context': 'http://schema.org', '@type': 'LocalBusiness', 'name': 'POTTPADDLER im Seaside Beach Club', 'description': 'Die SUP Schule Ruhr freut sich auf Dich!', 'address': {'@type': 'PostalAddress', 'addressLocality': 'Essen, Germany', 'addressCountry': 'Germany', 'postalCode': '45133', 'streetAddress': 'Freiherr-vom-Stein-Straße 384'}, 'telephone': '+49 1512 2355204', 'geo': {'@type': 'GeoCoordinates', 'latitude': '51.40699', 'longitude': '7.01834'}, 'priceRange': '-', 'image': 'https://storage.googleapis.com/download/storage/v1/b/usc-pro-uscweb-live-media/o/de-live%2Foriginal_640x360_hynzouad23jjaetjyils_1711549575132181.png?generation=1711549575223946&amp;alt=media'}",51.40699,7.01834,Die SUP Schule Ruhr freut sich auf Dich!
PraeVita: Girardet Haus / Mundus,['Unknown'],False,"['L', 'XL']",L,Rüttenscheid,Girardetstr. 2-38,https://urbansportsclub.com//de/venues/praevita-girardet-haus-mundus,"{'@context': 'http://schema.org', '@type': 'LocalBusiness', 'name': 'PraeVita: Girardet Haus / Mundus', 'description': 'PraeVita Essen freut sich auf Dich!', 'address': {'@type': 'PostalAddress', 'addressLocality': 'Essen, Germany', 'addressCountry': 'Germany', 'postalCode': '45131', 'streetAddress': 'Girardetstr. 2-38'}, 'telephone': '', 'geo': {'@type': 'GeoCoordinates', 'latitude': '51.4313742', 'longitude': '7.0044856'}, 'priceRange': '-', 'image': 'https://storage.googleapis.com/download/storage/v1/b/usc-pro-uscweb-live-media/o/de-live%2Foriginal_1688x950_Gesundheit_1584093397656599_admin.jpg?alt=media'}",51.4313742,7.0044856,PraeVita Essen freut sich auf Dich!
PraeVita: Schloss Borbeck,['Unknown'],False,"['L', 'XL']",L,Borbeck-Mitte,Schloßstraße 101,https://urbansportsclub.com//de/venues/praevita-schloss-borbeck,"{'@context': 'http://schema.org', '@type': 'LocalBusiness', 'name': 'PraeVita: Schloss Borbeck', 'description': 'PraeVita Essen freut sich auf Dich!', 'address': {'@type': 'PostalAddress', 'addressLocality': 'Essen, Germany', 'addressCountry': 'Germany', 'postalCode': '45355', 'streetAddress': 'Schloßstraße 101'}, 'telephone': '', 'geo': {'@type': 'GeoCoordinates', 'latitude': '51.4683833', 'longitude': '6.9421766'}, 'priceRange': '-', 'image': 'https://storage.googleapis.com/download/storage/v1/b/usc-pro-uscweb-live-media/o/de-live%2Foriginal_1688x950_Gesundheit_1584093746826547_admin.jpg?alt=media'}",51.4683833,6.9421766,PraeVita Essen freut sich auf Dich!
PraeVita: Schwimmbad / LVR-Schule,['Unknown'],False,"['L', 'XL']",L,Frintrop,Tonstr. 25,https://urbansportsclub.com//de/venues/praevita-schwimmbad-lvr-schule,"{'@context': 'http://schema.org', '@type': 'LocalBusiness', 'name': 'PraeVita: Schwimmbad / LVR-Schule', 'description': 'PraeVita Essen freut sich auf Dich!', 'address': {'@type': 'PostalAddress', 'addressLocality': 'Essen, Germany', 'addressCountry': 'Germany', 'postalCode': '45359', 'streetAddress': 'Tonstr. 25'}, 'telephone': '', 'geo': {'@type': 'GeoCoordinates', 'latitude': '51.4673697', 'longitude': '6.9218377'}, 'priceRange': '-', 'image': 'https://storage.googleapis.com/download/storage/v1/b/usc-pro-uscweb-live-media/o/de-live%2Foriginal_1688x950_Gesundheit_1584093672997488_admin.jpg?alt=media'}",51.4673697,6.9218377,PraeVita Essen freut sich auf Dich!
PraeVita: Walter-Pleitgen-Schule,['Unknown'],False,"['L', 'XL']",L,Frintrop,Im Neerfeld 6,https://urbansportsclub.com//de/venues/praevita-walter-pleitgen-schule,"{'@context': 'http://schema.org', '@type': 'LocalBusiness', 'name': 'PraeVita: Walter-Pleitgen-Schule', 'description': 'PraeVita Essen freut sich auf Dich!', 'address': {'@type': 'PostalAddress', 'addressLocality': 'Essen, Germany', 'addressCountry': 'Germany', 'postalCode': '45359', 'streetAddress': 'Im Neerfeld 6'}, 'telephone': '', 'geo': {'@type': 'GeoCoordinates', 'latitude': '51.47983', 'longitude': '6.90565'}, 'priceRange': '-', 'image': 'https://storage.googleapis.com/download/storage/v1/b/usc-pro-uscweb-live-media/o/de-live%2Foriginal_1688x950_Gesundheit_1584093838776007_admin.jpg?alt=media'}",51.47983,6.90565,PraeVita Essen freut sich auf Dich!
Sandra Glatthor,['Yoga'],False,"['L', 'XL']",L,Rüttenscheid,Rüttenscheider Str. 166,https://urbansportsclub.com//de/venues/sandra-glatthor-yoga-personlichkeitsentwicklung-mentales-coaching,"{'@context': 'http://schema.org', '@type': 'LocalBusiness', 'name': 'Sandra Glatthor', 'description': 'Yoga, Entwicklung &amp; mentales Coaching Finde in den Yogakursen bei Sandra Glatthor ein Ort an dem Du zur Ruhe kommen kannst. Mit Yoga, Tiefenentspannung und aktiver Rückenprävention, hast du die Möglichkeit etwas für deine Gesundheit zu tun und mehr bringst mehr Entspannung in deinen Alltag.', 'address': {'@type': 'PostalAddress', 'addressLocality': 'Essen, Germany', 'addressCountry': 'Germany', 'postalCode': '45134', 'streetAddress': 'Rüttenscheider Str. 166'}, 'telephone': '', 'geo': {'@type': 'GeoCoordinates', 'latitude': '51.4293531', 'longitude': '7.0029801'}, 'priceRange': '-', 'image': 'https://storage.googleapis.com/download/storage/v1/b/usc-pro-uscweb-live-media/o/de-live%2Foriginal_1575x886_006%20Kopie%20%281%29.jpg?alt=media'}",51.4293531,7.0029801,"Yoga, Entwicklung &amp; mentales Coaching Finde in den Yogakursen bei Sandra Glatthor ein Ort an dem Du zur Ruhe kommen kannst. Mit Yoga, Tiefenentspannung und aktiver Rückenprävention, hast du die Möglichkeit etwas für deine Gesundheit zu tun und mehr bringst mehr Entspannung in deinen Alltag."
Studio B- Fitness u. Wellness Borken,"['Boxsport', 'Fahrrad fahren', 'Fitness', 'Funktionelles Training', 'Indoorcycling', 'Pilates']",False,"['M', 'L', 'XL']",M,Borken,Heinrich-Hertz-Str. 8,https://urbansportsclub.com//de/venues/studio-b-fitness-u-wellness-borken,"{'@context': 'http://schema.org', '@type': 'LocalBusiness', 'name': 'Studio B- Fitness u. Wellness Borken', 'description': 'Auf 1000 m2 Trainingsfläche ist alles was das Hertz begehrt. Geräte Gym 80 Cardiogeräte Kurse Vibrafit Rolle und Band Ultratone Getränkeflat Sauna Duschen Check- in Theke Wintergarten Parkplätze 1000 m2 vorhanden Egal ob Sie Rückenschmerzen, Herz-Kreislauf Probleme haben oder abnehmen wollen, bei uns sind Sie immer an der richtigen Stelle. Unsere Öffnungszeiten sind : Montag bis Freitag 8:00 – 22:00 Uhr Samstag 10:00 – 18:00 Uhr Sonntag 10:00 - 18:00 Uhr Handtücher können kostenlos ausgeliehen werden. Wir haben keine Kinderbetreuung.', 'address': {'@type': 'PostalAddress', 'addressLocality': 'Essen, Germany', 'addressCountry': 'Germany', 'postalCode': '46325', 'streetAddress': 'Heinrich-Hertz-Str. 8'}, 'telephone': '', 'geo': {'@type': 'GeoCoordinates', 'latitude': '51.8537332', 'longitude': '6.8742707'}, 'priceRange': '-', 'image': 'https://storage.googleapis.com/download/storage/v1/b/usc-pro-uscweb-live-media/o/de-live%2Foriginal_1928x1085_d69e59642a91-STUDIO_B_001%20%281%29_1553794281879541_admin.jpg?alt=media'}",51.8537332,6.8742707,"Auf 1000 m2 Trainingsfläche ist alles was das Hertz begehrt. Geräte Gym 80 Cardiogeräte Kurse Vibrafit Rolle und Band Ultratone Getränkeflat Sauna Duschen Check- in Theke Wintergarten Parkplätze 1000 m2 vorhanden Egal ob Sie Rückenschmerzen, Herz-Kreislauf Probleme haben oder abnehmen wollen, bei uns sind Sie immer an der richtigen Stelle. Unsere Öffnungszeiten sind : Montag bis Freitag 8:00 – 22:00 Uhr Samstag 10:00 – 18:00 Uhr Sonntag 10:00 - 18:00 Uhr Handtücher können kostenlos ausgeliehen werden. Wir haben keine Kinderbetreuung."
Therapiezentrum am Stadtwald,['Wellness'],False,"['S', 'M', 'L', 'XL']",S,Stadtbezirke II,Frankenstr. 274,https://urbansportsclub.com//de/venues/therapiezentrum-am-stadtwald,"{'@context': 'http://schema.org', '@type': 'LocalBusiness', 'name': 'Therapiezentrum am Stadtwald', 'description': 'Das Therapiezentrum am Stadtwald freut sich auf Dich!', 'address': {'@type': 'PostalAddress', 'addressLocality': 'Essen, Germany', 'addressCountry': 'Germany', 'postalCode': '45134', 'streetAddress': 'Frankenstr. 274'}, 'telephone': '', 'geo': {'@type': 'GeoCoordinates', 'latitude': '51.4209078', 'longitude': '7.0253173'}, 'priceRange': '-', 'image': 'https://storage.googleapis.com/download/storage/v1/b/usc-pro-uscweb-live-media/o/de-live%2Foriginal_2250x1265_ufb7py5bbbeueo3of9ht_1709209940307851.png?generation=1709209940481506&amp;alt=media'}",51.4209078,7.0253173,Das Therapiezentrum am Stadtwald freut sich auf Dich!
Trainingsraum Borken,['Fitness'],False,"['S', 'M', 'L', 'XL']",S,Borken,Bahnhofstraße 20,https://urbansportsclub.com//de/venues/trainingsraum-borken,"{'@context': 'http://schema.org', '@type': 'LocalBusiness', 'name': 'Trainingsraum Borken', 'description': 'Trainingsraum Borken/Schreufa freut sich auf Dich!', 'address': {'@type': 'PostalAddress', 'addressLocality': 'Essen, Germany', 'addressCountry': 'Germany', 'postalCode': '34582', 'streetAddress': 'Bahnhofstraße 20'}, 'telephone': '', 'geo': {'@type': 'GeoCoordinates', 'latitude': '51.4013867', 'longitude': '7.065636'}, 'priceRange': '-', 'image': 'https://storage.googleapis.com/download/storage/v1/b/usc-pro-uscweb-live-media/o/de-live%2Foriginal_1024x576_FK_SS298062308_bar_162098443188432_admin.jpg?alt=media'}",51.4013867,7.065636,Trainingsraum Borken/Schreufa freut sich auf Dich!
YEAH! SPORT 1,"['EMS', 'EMS Cardio']",True,"['L', 'XL']",L,Velbert,Friedrichstraße 93,https://urbansportsclub.com//de/venues/yeah-sport-3,"{'@context': 'http://schema.org', '@type': 'LocalBusiness', 'name': 'YEAH! SPORT 1', 'description': 'RICHTIG FIT WERDEN IN DEN YEAH!SPORT EMS STUDIOS MIT HOCHKLASSIGEN TRAINGSGERÄTEN VON MIHABODYTEC - DAS MINIMALE MAXIMUM. EINE NEUE TECHNOLOGIE IM TREND - FÜR SENSATIONELL EFFEKTIVES GANZKÖRPERTRAINING.', 'address': {'@type': 'PostalAddress', 'addressLocality': 'Essen, Germany', 'addressCountry': 'Germany', 'postalCode': '42551', 'streetAddress': 'Friedrichstraße 93'}, 'telephone': '', 'geo': {'@type': 'GeoCoordinates', 'latitude': '51.3420858', 'longitude': '7.0417302'}, 'priceRange': '-', 'image': 'https://storage.googleapis.com/download/storage/v1/b/usc-pro-uscweb-live-media/o/de-live%2Foriginal_1607x904_3acfb3314866-P1020220_1551351795392242_admin.jpg?alt=media'}",51.3420858,7.0417302,RICHTIG FIT WERDEN IN DEN YEAH!SPORT EMS STUDIOS MIT HOCHKLASSIGEN TRAINGSGERÄTEN VON MIHABODYTEC - DAS MINIMALE MAXIMUM. EINE NEUE TECHNOLOGIE IM TREND - FÜR SENSATIONELL EFFEKTIVES GANZKÖRPERTRAINING.
Yoga Outlaw,"['Pilates', 'Yoga']",False,"['M', 'L', 'XL']",M,Bergerhausen,Schnabelstraße 14,https://urbansportsclub.com//de/venues/yoga-outlaw,"{'@context': 'http://schema.org', '@type': 'LocalBusiness', 'name': 'Yoga Outlaw', 'description': 'Yoga Outlaw freut sich auf Dich!', 'address': {'@type': 'PostalAddress', 'addressLocality': 'Essen, Germany', 'addressCountry': 'Germany', 'postalCode': '45134', 'streetAddress': 'Schnabelstraße 14'}, 'telephone': '', 'geo': {'@type': 'GeoCoordinates', 'latitude': '51.4287092', 'longitude': '7.0460005'}, 'priceRange': '-', 'image': 'https://storage.googleapis.com/download/storage/v1/b/usc-pro-uscweb-live-media/o/de-live%2Foriginal_1688x950_YogaCompressed_1584633382780426_admin.jpg?alt=media'}",51.4287092,7.0460005,Yoga Outlaw freut sich auf Dich!
