name,disciplines,plus_options,plans,min_plan,district,street,link,metadata,latitude,longitude,description
Felshelden,['Bouldern'],False,"['S', 'M', 'L', 'XL']",S,Warnemünde,Zum Zollamt 4,https://urbansportsclub.com//de/venues/felshelden,"{'@context': 'http://schema.org', '@type': 'LocalBusiness', 'name': 'Felshelden', 'description': 'In der ersten Boulderhalle MV&#039;s können groß und klein, jung und alt hoch hinaus. Anders als beim Sportklettern brauchst Du hierfür kein Seil oder Gurt. Du bewegst dich auf Absprunghöhe über dicken und weichen Matten, die für deine Sicherheit im Fall eines Falles sorgen. Das besondere beim Bouldern ist, dass du nicht nur alle Muskelgruppen gleichmäßig forderst, sondern bei kniffligen Bewegungsproblemen auch kreativ werden musst. Ein super Sport für Körper und Geist.In unserer Halle warten über 120 sogenannte Probleme (Routen) in den verschiedensten Schwierigkeitsgraden auf dich. Egal ob Du ein Einsteiger oder Profi bist, jeder findet die passende Herausforderung. Die Kids haben ihren eigenen Bereich und können sich an der Kinderkletterwand testen und ausprobieren. Zusätzlich stehen eine Slackline, Steckbrett, Campus-Board und diverse Trainingsgeräte für alle Sportler bereit, die nach ihrer Kletter-Session noch die letzten Kräfte aus ihrem Körper pumpen wollen.In den Kletterpausen kannst du bei uns bequem sitzen, snacken, Eis essen, einen Kaffee trinken oder etwas Kühles genießen. Für den großen Hunger empfehlen wir das Angebot des DOCK INN Hostels – direkt nebenan. Es ist für alles gesorgt! Die FELSHELDEN, bieten selbst im Sommer und dank der modernen Belüftung ein angenehmes Kletter-Klima und durch die voll verglaste Fassade blickst du beim Klettern nicht nur auf maritime Werftarchitektur, sondern genießt auch das Tageslicht in der Halle. Das FELSHELDEN-Team steht dir bei Fragen immer zur Seite und freut sich auf dich.Weitere Infos findest du auf unserer Facebookseite oder Homepage der FELSHELDEN.', 'address': {'@type': 'PostalAddress', 'addressLocality': 'Rostock, Germany', 'addressCountry': 'Germany', 'postalCode': '18119', 'streetAddress': 'Zum Zollamt 4'}, 'telephone': '+49 381 67070300', 'geo': {'@type': 'GeoCoordinates', 'latitude': '54.1701363', 'longitude': '12.08563712'}, 'priceRange': '-', 'image': 'https://storage.googleapis.com/download/storage/v1/b/usc-pro-uscweb-live-media/o/de-live%2Foriginal_2846x1601_Halle_2_1544190558888212_admin.jpg?alt=media'}",54.1701363,12.08563712,"In der ersten Boulderhalle MV&#039;s können groß und klein, jung und alt hoch hinaus. Anders als beim Sportklettern brauchst Du hierfür kein Seil oder Gurt. Du bewegst dich auf Absprunghöhe über dicken und weichen Matten, die für deine Sicherheit im Fall eines Falles sorgen. Das besondere beim Bouldern ist, dass du nicht nur alle Muskelgruppen gleichmäßig forderst, sondern bei kniffligen Bewegungsproblemen auch kreativ werden musst. Ein super Sport für Körper und Geist.In unserer Halle warten über 120 sogenannte Probleme (Routen) in den verschiedensten Schwierigkeitsgraden auf dich. Egal ob Du ein Einsteiger oder Profi bist, jeder findet die passende Herausforderung. Die Kids haben ihren eigenen Bereich und können sich an der Kinderkletterwand testen und ausprobieren. Zusätzlich stehen eine Slackline, Steckbrett, Campus-Board und diverse Trainingsgeräte für alle Sportler bereit, die nach ihrer Kletter-Session noch die letzten Kräfte aus ihrem Körper pumpen wollen.In den Kletterpausen kannst du bei uns bequem sitzen, snacken, Eis essen, einen Kaffee trinken oder etwas Kühles genießen. Für den großen Hunger empfehlen wir das Angebot des DOCK INN Hostels – direkt nebenan. Es ist für alles gesorgt! Die FELSHELDEN, bieten selbst im Sommer und dank der modernen Belüftung ein angenehmes Kletter-Klima und durch die voll verglaste Fassade blickst du beim Klettern nicht nur auf maritime Werftarchitektur, sondern genießt auch das Tageslicht in der Halle. Das FELSHELDEN-Team steht dir bei Fragen immer zur Seite und freut sich auf dich.Weitere Infos findest du auf unserer Facebookseite oder Homepage der FELSHELDEN."
SalzOase Rostock,"['Entspannung', 'Wellness']",False,"['M', 'L', 'XL']",M,Stadtmitte,Am Vögenteich 13,https://urbansportsclub.com//de/venues/salzoase-rostock,"{'@context': 'http://schema.org', '@type': 'LocalBusiness', 'name': 'SalzOase Rostock', 'description': 'Herzlich Willkommen in der SalzOase Rostock - dem ersten Wellness- und Gesundheitshaus im Norden mit Salzgrotte, Salzzimmer und JadeVital-Massagen. Müdigkeit · Allergie · Stress · Erkältung · Asthma · Schuppenflechte · Neurodermitis · Bronchitis? Entspannen Sie in einem allergenarmen Mikroklima, stärken Sie Ihr Immunsystem sowie die geistige und körperliche Leistungsfähigkeit. Atmen Sie sich frei! Ein 45 min. Aufenthalt in unserer Salzgrotte oder unserem Salzzimmer hat die Wirkung eines zweitägigen Aufenthaltes am Meer. Unser Salzzimmer ist vor allem für Menschen mit chronischen Lungen- und Bronchienerkrankungen und zur Stärkung des Immunsystems sehr zu empfehlen. Das trockene Natriumchlorid- Aerosol welches über einen Salzgenerator genau dosiert in den Raum abgegeben wird, hat eine entzündungshemmende und antibakterielle Wirkung und setzt sich wirksamer in den Atemwegen ab. Der einzigen Salzgrotte in Rostock. Wir bieten Ihnen eine Auszeit vom Alltag. Entspannen Sie eine dreiviertel Stunde und spüren Sie mit jedem Atemzug die wohltuende Salzluft. In unseren beiden Salzräumen wird ein spezielles salzhaltiges Mikroklima erzeugt, welches durch mikrofeine Salzaerosole tief in die Atemwege aufgenommen werden kann. Ein Besuch dauert immer 45 Minuten und beginnt zur vollen Stunde.', 'address': {'@type': 'PostalAddress', 'addressLocality': 'Rostock, Germany', 'addressCountry': 'Germany', 'postalCode': '18055', 'streetAddress': 'Am Vögenteich 13'}, 'telephone': '', 'geo': {'@type': 'GeoCoordinates', 'latitude': '54.084681', 'longitude': '12.1255778'}, 'priceRange': '-', 'image': 'https://storage.googleapis.com/download/storage/v1/b/usc-pro-uscweb-live-media/o/de-live%2Foriginal_2100x1181__DSC1262_start-c6a8aab9_165963847859172_admin.webp?generation=1659638478149813&amp;alt=media'}",54.084681,12.1255778,"Herzlich Willkommen in der SalzOase Rostock - dem ersten Wellness- und Gesundheitshaus im Norden mit Salzgrotte, Salzzimmer und JadeVital-Massagen. Müdigkeit · Allergie · Stress · Erkältung · Asthma · Schuppenflechte · Neurodermitis · Bronchitis? Entspannen Sie in einem allergenarmen Mikroklima, stärken Sie Ihr Immunsystem sowie die geistige und körperliche Leistungsfähigkeit. Atmen Sie sich frei! Ein 45 min. Aufenthalt in unserer Salzgrotte oder unserem Salzzimmer hat die Wirkung eines zweitägigen Aufenthaltes am Meer. Unser Salzzimmer ist vor allem für Menschen mit chronischen Lungen- und Bronchienerkrankungen und zur Stärkung des Immunsystems sehr zu empfehlen. Das trockene Natriumchlorid- Aerosol welches über einen Salzgenerator genau dosiert in den Raum abgegeben wird, hat eine entzündungshemmende und antibakterielle Wirkung und setzt sich wirksamer in den Atemwegen ab. Der einzigen Salzgrotte in Rostock. Wir bieten Ihnen eine Auszeit vom Alltag. Entspannen Sie eine dreiviertel Stunde und spüren Sie mit jedem Atemzug die wohltuende Salzluft. In unseren beiden Salzräumen wird ein spezielles salzhaltiges Mikroklima erzeugt, welches durch mikrofeine Salzaerosole tief in die Atemwege aufgenommen werden kann. Ein Besuch dauert immer 45 Minuten und beginnt zur vollen Stunde."
Lix-Sportstudio,['Fitness'],False,"['M', 'L', 'XL']",M,Kröpeliner-Tor-Vorstadt,Doberaner Straße 59,https://urbansportsclub.com//de/venues/lix-sportstudio,"{'@context': 'http://schema.org', '@type': 'LocalBusiness', 'name': 'Lix-Sportstudio', 'description': 'Du möchtest dich körperlich betätigen, an Kraft und Muskelmasse zulegen, allgemein sportlicher werden, dann besuche uns im LIX-Sportstudio, der OldSchoolMuskelSchmiede im Herzen Rostocks. In der Doberaner Straße 59 sind wir 365 Tage im Jahr für dich da. Im LIX wirst du weder stylisch verspielte PlasteGeräte vorfinden, noch vorgegaukelt bekommen, dass du ohne Anstrengung zu einem sportlich athletischen Körper kommst. Bewährte Trainingsmethoden und Geräte mit oder aus robustem Eisen stehen im Vordergrund. Eine von der Mitgliederzahl überschaubare Clubatmosphäre mit vielen Räumen und zusätzlich umfangreicher Trainingsanlage an frischer Luft liefert die Grundlage für intensiven Sport auf höchstem Niveau. Insbesondere die begrenzte Mitgliederzahl von etwa 90 Sportlern grenzt uns deutlich von der DiscounterSchwemme ab, bietet Freiraum, individuelle und zielgerichtete Beratung und ungestörtes effektives Training. Fühl dich zum Training eingeladen, lass dich von uns beraten oder auch durch Personal Training ganz besonders fordern.', 'address': {'@type': 'PostalAddress', 'addressLocality': 'Rostock, Germany', 'addressCountry': 'Germany', 'postalCode': '18057', 'streetAddress': 'Doberaner Straße 59'}, 'telephone': '', 'geo': {'@type': 'GeoCoordinates', 'latitude': '54.0920631', 'longitude': '12.1114385'}, 'priceRange': '-', 'image': 'https://storage.googleapis.com/download/storage/v1/b/usc-pro-uscweb-live-media/o/de-live%2Foriginal_2600x1463_Gewichtheben_1544713368576582_admin.jpg?alt=media'}",54.0920631,12.1114385,"Du möchtest dich körperlich betätigen, an Kraft und Muskelmasse zulegen, allgemein sportlicher werden, dann besuche uns im LIX-Sportstudio, der OldSchoolMuskelSchmiede im Herzen Rostocks. In der Doberaner Straße 59 sind wir 365 Tage im Jahr für dich da. Im LIX wirst du weder stylisch verspielte PlasteGeräte vorfinden, noch vorgegaukelt bekommen, dass du ohne Anstrengung zu einem sportlich athletischen Körper kommst. Bewährte Trainingsmethoden und Geräte mit oder aus robustem Eisen stehen im Vordergrund. Eine von der Mitgliederzahl überschaubare Clubatmosphäre mit vielen Räumen und zusätzlich umfangreicher Trainingsanlage an frischer Luft liefert die Grundlage für intensiven Sport auf höchstem Niveau. Insbesondere die begrenzte Mitgliederzahl von etwa 90 Sportlern grenzt uns deutlich von der DiscounterSchwemme ab, bietet Freiraum, individuelle und zielgerichtete Beratung und ungestörtes effektives Training. Fühl dich zum Training eingeladen, lass dich von uns beraten oder auch durch Personal Training ganz besonders fordern."
Tenniszentrum Nord Rostock-Roggentin,['Tennis'],False,"['L', 'XL']",L,Roggentin,Kösterbecker Str. 9,https://urbansportsclub.com//de/venues/tenniszentrum-nord-rostock-roggentin,"{'@context': 'http://schema.org', '@type': 'LocalBusiness', 'name': 'Tenniszentrum Nord Rostock-Roggentin', 'description': 'Auf der Anlage befinden sich vier Hartplätze, zwei Außenplätze und zwei Plätze in einer modernen Traglufthalle. Die Hallenplätze sind seit Dezember 2017 bespielbar und die Außenplätze, für die wir den Belag Rebound Ace® gewählt haben, sind seit August 2018 spielbereit. Damit ist jederzeit ein witterungsunabhängiges Tennisspielen möglich. Und was hier besonders vorteilhaft ist: Die lästige und ungeliebte Platzaufbereitung nach jeder Spielstunde entfällt. Die 60 Minuten Spielzeit können also immer effektiv ausgenutzt werden. Im Frühjahr und Herbst und auch nach längeren Regenperioden sind die Außenplätze schneller wieder bespielbar. In unserem Clubhaus findet sich neben den Umkleideräumen und Sanitäreinrichtungen auch ein Clubraum mit Terrasse. Wer selbst nicht spielt und nur die Kinder bringen und holen möchte, kann sich hier mit verschiedenen Kaffeespezialitäten, kühlen Getränken oder Eis entspannen, gute Gespräche führen und beim Training zuschauen.', 'address': {'@type': 'PostalAddress', 'addressLocality': 'Rostock, Germany', 'addressCountry': 'Germany', 'postalCode': '18184', 'streetAddress': 'Kösterbecker Str. 9'}, 'telephone': '', 'geo': {'@type': 'GeoCoordinates', 'latitude': '54.0738866', 'longitude': '12.2100651'}, 'priceRange': '-', 'image': 'https://storage.googleapis.com/download/storage/v1/b/usc-pro-uscweb-live-media/o/de-live%2Foriginal_1024x576_180205%20%283%29_1544195115714624_admin.jpg?alt=media'}",54.0738866,12.2100651,"Auf der Anlage befinden sich vier Hartplätze, zwei Außenplätze und zwei Plätze in einer modernen Traglufthalle. Die Hallenplätze sind seit Dezember 2017 bespielbar und die Außenplätze, für die wir den Belag Rebound Ace® gewählt haben, sind seit August 2018 spielbereit. Damit ist jederzeit ein witterungsunabhängiges Tennisspielen möglich. Und was hier besonders vorteilhaft ist: Die lästige und ungeliebte Platzaufbereitung nach jeder Spielstunde entfällt. Die 60 Minuten Spielzeit können also immer effektiv ausgenutzt werden. Im Frühjahr und Herbst und auch nach längeren Regenperioden sind die Außenplätze schneller wieder bespielbar. In unserem Clubhaus findet sich neben den Umkleideräumen und Sanitäreinrichtungen auch ein Clubraum mit Terrasse. Wer selbst nicht spielt und nur die Kinder bringen und holen möchte, kann sich hier mit verschiedenen Kaffeespezialitäten, kühlen Getränken oder Eis entspannen, gute Gespräche führen und beim Training zuschauen."
Vital-Aktiv,['Fitness'],False,"['S', 'M', 'L', 'XL']",S,Bad Doberan,Rostocker Str. 1,https://urbansportsclub.com//de/venues/vital-aktiv,"{'@context': 'http://schema.org', '@type': 'LocalBusiness', 'name': 'Vital-Aktiv', 'description': 'Als eine der fortschrittlichsten Anlagen für Gesundheitstraining der Region setzen wir in puncto Betreuung, Training und Gesundheit völlig neue Maßstäbe. Unser wissenschaftlich erprobtes Konzept mit effektiven Trainings- und Beweglichkeitskonzepten zur Erreichung der persönlichen Gesundheitsziele unserer Mitglieder basiert auf einem ganzheitlichen Ansatz. Im Mittelpunkt unseres gesamten qualifizierten Teams stehen die Ziele unserer Mitglieder für mehr Schmerzfreiheit, mehr Lebensfreude und mehr Lebensqualität. - Sie legen Wert auf eine optimale und individuelle Betreuung? - Sie wollten schon immer mehr über den Teufelskreis Rückenschmerzen wissen? - Sie wollen langfristig Ihre Rückenschmerzen in den Griff bekommen? - Sie wünschen sich mehr Lebensqualität? - Sie möchten Vitalität und Aktivität bis ins hohe Alter? - Sie legen Wert auf Beweglichkeit und Mobilität? - Sie möchten Agilität und Lebensfreude gewinnen durch optimale Betreuung und fachliche Kompetenz? ...dann sind Sie genau richtig bei uns!! Durch unseren 2 milon Zirkel, Vibrationstraining und das five Beweglichkeitskonzept unterstützen wir Sie bei der Erreichung Ihrer Ziele.', 'address': {'@type': 'PostalAddress', 'addressLocality': 'Rostock, Germany', 'addressCountry': 'Germany', 'postalCode': '18209', 'streetAddress': 'Rostocker Str. 1'}, 'telephone': '', 'geo': {'@type': 'GeoCoordinates', 'latitude': '54.1032861', 'longitude': '11.9048112'}, 'priceRange': '-', 'image': 'https://storage.googleapis.com/download/storage/v1/b/usc-pro-uscweb-live-media/o/de-live%2Foriginal_2032x1143_e7312d6d36ad-YH4yZl_jSvC4wGfQrbydGg_1556529429388681_admin.jpg?alt=media'}",54.1032861,11.9048112,"Als eine der fortschrittlichsten Anlagen für Gesundheitstraining der Region setzen wir in puncto Betreuung, Training und Gesundheit völlig neue Maßstäbe. Unser wissenschaftlich erprobtes Konzept mit effektiven Trainings- und Beweglichkeitskonzepten zur Erreichung der persönlichen Gesundheitsziele unserer Mitglieder basiert auf einem ganzheitlichen Ansatz. Im Mittelpunkt unseres gesamten qualifizierten Teams stehen die Ziele unserer Mitglieder für mehr Schmerzfreiheit, mehr Lebensfreude und mehr Lebensqualität. - Sie legen Wert auf eine optimale und individuelle Betreuung? - Sie wollten schon immer mehr über den Teufelskreis Rückenschmerzen wissen? - Sie wollen langfristig Ihre Rückenschmerzen in den Griff bekommen? - Sie wünschen sich mehr Lebensqualität? - Sie möchten Vitalität und Aktivität bis ins hohe Alter? - Sie legen Wert auf Beweglichkeit und Mobilität? - Sie möchten Agilität und Lebensfreude gewinnen durch optimale Betreuung und fachliche Kompetenz? ...dann sind Sie genau richtig bei uns!! Durch unseren 2 milon Zirkel, Vibrationstraining und das five Beweglichkeitskonzept unterstützen wir Sie bei der Erreichung Ihrer Ziele."
Straßensport,"['Fitness', 'Funktionelles Training']",False,"['M', 'L', 'XL']",M,Stadtmitte,Nobelstraße 50b,https://urbansportsclub.com//de/venues/strassensport,"{'@context': 'http://schema.org', '@type': 'LocalBusiness', 'name': 'Straßensport', 'description': 'Unser Partner Straßensport freut sich auf Dich!', 'address': {'@type': 'PostalAddress', 'addressLocality': 'Rostock, Germany', 'addressCountry': 'Germany', 'postalCode': '18059', 'streetAddress': 'Nobelstraße 50b'}, 'telephone': '', 'geo': {'@type': 'GeoCoordinates', 'latitude': '54.0715474', 'longitude': '12.117263'}, 'priceRange': '-', 'image': 'https://storage.googleapis.com/download/storage/v1/b/usc-pro-uscweb-live-media/o/de-live%2Foriginal_1688x950_Funktionelles%20Training%20compressed_1544774454673577_admin.jpg?alt=media'}",54.0715474,12.117263,Unser Partner Straßensport freut sich auf Dich!
PhysioAktiv Rostock,['Fitness'],False,"['M', 'L', 'XL']",M,Stadtmitte,Alt Bartelsdorfer Str. 1,https://urbansportsclub.com//de/venues/physioaktiv-rostock,"{'@context': 'http://schema.org', '@type': 'LocalBusiness', 'name': 'PhysioAktiv Rostock', 'description': 'Gesundheitsstudio in Kombination mit Physiotherapie. Im Studio wird mit der Hilfe von MILON-Geräten ein chipkartenbasiertes Zirkeltraining durchgeführt. Abgerundet wird das ganze durch Dehnungsgeräte der Firma FIVE. So kann man einfach, sicher und effektiv trainieren. Durch den Zirkelablauf hält sich der zeitliche Aufwand pro Trainingseinheit in Grenzen. Trotzdem kann man sich vernünftig fordern und so wirksam präventiv trainieren.', 'address': {'@type': 'PostalAddress', 'addressLocality': 'Rostock, Germany', 'addressCountry': 'Germany', 'postalCode': '18146', 'streetAddress': 'Alt Bartelsdorfer Str. 1'}, 'telephone': '', 'geo': {'@type': 'GeoCoordinates', 'latitude': '54.0979038', 'longitude': '12.1745573'}, 'priceRange': '-', 'image': 'https://storage.googleapis.com/download/storage/v1/b/usc-pro-uscweb-live-media/o/de-live%2Foriginal_1024x576_51d83adbd05c-IMG_8097_1656663628207604_admin.jpg?generation=1656663628294322&amp;alt=media'}",54.0979038,12.1745573,"Gesundheitsstudio in Kombination mit Physiotherapie. Im Studio wird mit der Hilfe von MILON-Geräten ein chipkartenbasiertes Zirkeltraining durchgeführt. Abgerundet wird das ganze durch Dehnungsgeräte der Firma FIVE. So kann man einfach, sicher und effektiv trainieren. Durch den Zirkelablauf hält sich der zeitliche Aufwand pro Trainingseinheit in Grenzen. Trotzdem kann man sich vernünftig fordern und so wirksam präventiv trainieren."
Ostseetherme Usedom - Fitness & Sauna,"['Fitness', 'Sauna']",False,"['M', 'L', 'XL']",M,Ahlbeck,Lindenstraße 60,https://urbansportsclub.com//de/venues/ostseetherme-usedom,"{'@context': 'http://schema.org', '@type': 'LocalBusiness', 'name': 'Ostseetherme Usedom - Fitness &amp; Sauna', 'description': 'Dem Meer so nah – das ist die OstseeTherme Usedom in Seebad Ahlbeck. Nur 200 m vom Strand entfernt wartet Badespaß für die ganze Familie, unabhängig von Wetter und Alter. Die wohltuende Wirkung der Heringsdorfer Jodsole genießen, mit welcher das Wasser in drei Badebecken angereichert ist, oder einen entspannten Tag in der Saunawelt. Am Ende lohnt der Blick vom Aussichtsturm mit herrlichem Ostseepanorama. Im Gesundheitsstudio dreht sich alles um die gesunde Art von Fitness. Sie wollen dem Alltagsstress entfliehen? Dann sind Sie hier bestens aufgehoben. Geschultes Personal steht Ihnen während des Trainings stets zur Seite und stimmt Ihren Trainingsplan speziell auf Ihre Bedürfnisse und Ziele ab. Das Gesundheitsstudio bietet Ihnen außerdem ein umfangreiches und abwechslungsreiches Kursangebot.', 'address': {'@type': 'PostalAddress', 'addressLocality': 'Rostock, Germany', 'addressCountry': 'Germany', 'postalCode': '17419', 'streetAddress': 'Lindenstraße 60'}, 'telephone': '', 'geo': {'@type': 'GeoCoordinates', 'latitude': '53.946025201', 'longitude': '14.176987213'}, 'priceRange': '-', 'image': 'https://storage.googleapis.com/download/storage/v1/b/usc-pro-uscweb-live-media/o/de-live%2Foriginal_4032x2268_bb48485c0630-Therme_quer_au%C3%9Fen%20(1)_1678292440819490_admin.jpg?generation=1678292440921641&amp;alt=media'}",53.946025201,14.176987213,"Dem Meer so nah – das ist die OstseeTherme Usedom in Seebad Ahlbeck. Nur 200 m vom Strand entfernt wartet Badespaß für die ganze Familie, unabhängig von Wetter und Alter. Die wohltuende Wirkung der Heringsdorfer Jodsole genießen, mit welcher das Wasser in drei Badebecken angereichert ist, oder einen entspannten Tag in der Saunawelt. Am Ende lohnt der Blick vom Aussichtsturm mit herrlichem Ostseepanorama. Im Gesundheitsstudio dreht sich alles um die gesunde Art von Fitness. Sie wollen dem Alltagsstress entfliehen? Dann sind Sie hier bestens aufgehoben. Geschultes Personal steht Ihnen während des Trainings stets zur Seite und stimmt Ihren Trainingsplan speziell auf Ihre Bedürfnisse und Ziele ab. Das Gesundheitsstudio bietet Ihnen außerdem ein umfangreiches und abwechslungsreiches Kursangebot."
Baltic Sports 24,['EMS'],True,"['L', 'XL']",L,Altenkirchen,Tribseer Straße 29,https://urbansportsclub.com//de/venues/baltic-sports-24,"{'@context': 'http://schema.org', '@type': 'LocalBusiness', 'name': 'Baltic Sports 24', 'description': 'Das Baltic Sports 24 freut sich auf Dich!', 'address': {'@type': 'PostalAddress', 'addressLocality': 'Rostock, Germany', 'addressCountry': 'Germany', 'postalCode': '18439', 'streetAddress': 'Tribseer Straße 29'}, 'telephone': '', 'geo': {'@type': 'GeoCoordinates', 'latitude': '54.3098356', 'longitude': '13.0849004'}, 'priceRange': '-', 'image': 'https://storage.googleapis.com/download/storage/v1/b/usc-pro-uscweb-live-media/o/de-live%2Foriginal_1650x928_EMSCompressed_1657096030810978_admin.jpg?generation=1657096030872420&amp;alt=media'}",54.3098356,13.0849004,Das Baltic Sports 24 freut sich auf Dich!
Bootsterassen Warnemünde,['Kanu und Kajak'],False,"['S', 'M', 'L', 'XL']",S,Warnemünde,Am Bahnhof 13,https://urbansportsclub.com//de/venues/bootsterassen-warnemunde,"{'@context': 'http://schema.org', '@type': 'LocalBusiness', 'name': 'Bootsterassen Warnemünde', 'description': 'Ob Du zum Angeln kommst, ein Boot mieten willst oder die gastronomische Einrichtung, die viele Leckerbissen für Dich bereit hält, besuchen möchtest. Die Bootsvermietung Warnemünde &quot;Am Alten Strom&quot; freut sich auf Deinen Besuch. USC Mitglieder können hier die in den Besuchslimits angegebenen Verleihangebote je nach Verfügbarkeit nutzen.', 'address': {'@type': 'PostalAddress', 'addressLocality': 'Rostock, Germany', 'addressCountry': 'Germany', 'postalCode': '18119', 'streetAddress': 'Am Bahnhof 13'}, 'telephone': '', 'geo': {'@type': 'GeoCoordinates', 'latitude': '54.1761566', 'longitude': '12.08957'}, 'priceRange': '-', 'image': 'https://storage.googleapis.com/download/storage/v1/b/usc-pro-uscweb-live-media/o/de-live%2Foriginal_1024x576_image7_1544785670136980_admin.jpg?alt=media'}",54.1761566,12.08957,"Ob Du zum Angeln kommst, ein Boot mieten willst oder die gastronomische Einrichtung, die viele Leckerbissen für Dich bereit hält, besuchen möchtest. Die Bootsvermietung Warnemünde &quot;Am Alten Strom&quot; freut sich auf Deinen Besuch. USC Mitglieder können hier die in den Besuchslimits angegebenen Verleihangebote je nach Verfügbarkeit nutzen."
Crossfit® Motus Rostock,['Crosstraining'],False,"['L', 'XL']",L,Südstadt,Friedrichshöhe 3,https://urbansportsclub.com//de/venues/crossfit-motus-rostock,"{'@context': 'http://schema.org', '@type': 'LocalBusiness', 'name': 'Crossfit® Motus Rostock', 'description': 'Fit werden, fit bleiben Wir, Crossfit® Motus Rostock, haben uns als Ziel gesetzt unseren Mitgliedern ein neues Lebensgefühl zu vermitteln. Eine motivierende Atmosphäre in der Gemeinschaft, sowie das Erlernen von Bewegungen stehen bei uns im Vordergrund, denn: Wer sein Leben aktiv gestalten möchte, muss fit und gesund sein und bleiben. Unsere Box bietet den Mitgliedern ein zweites Zuhause. Egal ob du täglich trainierst oder noch nie in einem Studio warst: Wir unterstützen dich dabei dein neues Ich zu erreichen. Wir wollen dein nächster Trainingspartner sein.', 'address': {'@type': 'PostalAddress', 'addressLocality': 'Rostock, Germany', 'addressCountry': 'Germany', 'postalCode': '18198', 'streetAddress': 'Friedrichshöhe 3'}, 'telephone': '', 'geo': {'@type': 'GeoCoordinates', 'latitude': '54.074173', 'longitude': '12.0584913'}, 'priceRange': '-', 'image': 'https://storage.googleapis.com/download/storage/v1/b/usc-pro-uscweb-live-media/o/de-live%2Foriginal_1024x576_4bc176f6b247-IMG_5554_1569853049414073_admin.jpg?alt=media'}",54.074173,12.0584913,"Fit werden, fit bleiben Wir, Crossfit® Motus Rostock, haben uns als Ziel gesetzt unseren Mitgliedern ein neues Lebensgefühl zu vermitteln. Eine motivierende Atmosphäre in der Gemeinschaft, sowie das Erlernen von Bewegungen stehen bei uns im Vordergrund, denn: Wer sein Leben aktiv gestalten möchte, muss fit und gesund sein und bleiben. Unsere Box bietet den Mitgliedern ein zweites Zuhause. Egal ob du täglich trainierst oder noch nie in einem Studio warst: Wir unterstützen dich dabei dein neues Ich zu erreichen. Wir wollen dein nächster Trainingspartner sein."
DoYours,['Stand Up Paddling'],False,"['M', 'L', 'XL']",M,Stadtmitte,Gaffelschonerweg 6,https://urbansportsclub.com//de/venues/doyours,"{'@context': 'http://schema.org', '@type': 'LocalBusiness', 'name': 'DoYours', 'description': 'Wir, das Team von DoYours, deinem SUP-Center im Herzen Rostocks, wollen dir die Möglichkeit einräumen, so viele verschiedene Boards wie nur möglich auszuprobieren. Der Verleih vom Anfängerboard bis zum Raceboard...der Verleih von allen Boards, die du dir wünscht, ist unser Anliegen. Die Warnow, vor der perfekten Silhouette des Rostocker Stadthafens, stellt eines der vielseitigsten Reviere dar und unser SUP-Verleih ist deine Chance es ausgiebig zu erkunden. u200b Wir freuen uns auf Dich', 'address': {'@type': 'PostalAddress', 'addressLocality': 'Rostock, Germany', 'addressCountry': 'Germany', 'postalCode': '18055', 'streetAddress': 'Gaffelschonerweg 6'}, 'telephone': '', 'geo': {'@type': 'GeoCoordinates', 'latitude': '54.09385', 'longitude': '12.15044'}, 'priceRange': '-', 'image': 'https://storage.googleapis.com/download/storage/v1/b/usc-pro-uscweb-live-media/o/de-live%2Foriginal_1688x950_Stand-up%20PaddlingCompressed_1557907439517159_admin.jpg?alt=media'}",54.09385,12.15044,"Wir, das Team von DoYours, deinem SUP-Center im Herzen Rostocks, wollen dir die Möglichkeit einräumen, so viele verschiedene Boards wie nur möglich auszuprobieren. Der Verleih vom Anfängerboard bis zum Raceboard...der Verleih von allen Boards, die du dir wünscht, ist unser Anliegen. Die Warnow, vor der perfekten Silhouette des Rostocker Stadthafens, stellt eines der vielseitigsten Reviere dar und unser SUP-Verleih ist deine Chance es ausgiebig zu erkunden. u200b Wir freuen uns auf Dich"
FLIP & FLY,['Trampolin'],False,"['M', 'L', 'XL']",M,Schmarl,Industriestraße 10d,https://urbansportsclub.com//de/venues/flip-out-rostock,"{'@context': 'http://schema.org', '@type': 'LocalBusiness', 'name': 'FLIP &amp; FLY', 'description': 'Trampolin springen, wer kennt das nicht aus seiner Kindheit? FLIP &amp; FLY bringt es auf das nächste Level: Auf über 3.000m² bieten wir euch riesige Trampolin-Landschaften und noch viel mehr als das… Messt eure Kräfte im Wettstreit am Power Tower oder dem Battle Beam, springt in den ersten und einzigen Airbag in Mecklenburg-Vorpommern, hangelt euch durch unseren Ninja-Warrior Parcours, erlebt klassischen Zweifelder-Ball auf eine völlig neue Art in unserer Dodgeball-Arena oder versenkt ein paar Basketbälle im Slam Dunk Bereich. Hier ist für alle Altersgruppen und Fitness-Levels etwas dabei: Während wir für die kleineren Gäste separate Kinderbereiche und -Parcours bieten, dürfen die größeren Gäste und geübtere Springer ihre Fähigkeiten auf olympischen Trampolinen und Stuntboxen unter Beweis stellen. Solche Action kennt man (sonst) nur aus dem Fernsehen! Die Eintrittskarte berechtigt zur Nutzung der kompletten Halle! Zuschauer und Begleitpersonen zahlen (selbstverständlich) keinen Eintritt und können in unseren gemütlichen Lounge-Bereichen ein paar Snacks und Getränke genießen. FLIP &amp; FLY ist der ideale Ort für eine unvergessliche Geburtstagsparty, Klassenfahrten, Firmenevents, Junggesellenabschiede und noch vielem mehr! Verrückte Lichtershows, Gute-Laune-Musik, flippige Gewinnspiele und Moderation sorgen dafür, dass sich selbst Oma und Opa wieder wie Kinder fühlen. Bei uns heißt es: Spaßgarantie statt Monotonie!', 'address': {'@type': 'PostalAddress', 'addressLocality': 'Rostock, Germany', 'addressCountry': 'Germany', 'postalCode': '18069', 'streetAddress': 'Industriestraße 10d'}, 'telephone': '', 'geo': {'@type': 'GeoCoordinates', 'latitude': '54.1317129', 'longitude': '12.0820825'}, 'priceRange': '-', 'image': 'https://storage.googleapis.com/download/storage/v1/b/usc-pro-uscweb-live-media/o/de-live%2Foriginal_1500x844_20180611-0650_154504107660292_admin.jpg?alt=media'}",54.1317129,12.0820825,"Trampolin springen, wer kennt das nicht aus seiner Kindheit? FLIP &amp; FLY bringt es auf das nächste Level: Auf über 3.000m² bieten wir euch riesige Trampolin-Landschaften und noch viel mehr als das… Messt eure Kräfte im Wettstreit am Power Tower oder dem Battle Beam, springt in den ersten und einzigen Airbag in Mecklenburg-Vorpommern, hangelt euch durch unseren Ninja-Warrior Parcours, erlebt klassischen Zweifelder-Ball auf eine völlig neue Art in unserer Dodgeball-Arena oder versenkt ein paar Basketbälle im Slam Dunk Bereich. Hier ist für alle Altersgruppen und Fitness-Levels etwas dabei: Während wir für die kleineren Gäste separate Kinderbereiche und -Parcours bieten, dürfen die größeren Gäste und geübtere Springer ihre Fähigkeiten auf olympischen Trampolinen und Stuntboxen unter Beweis stellen. Solche Action kennt man (sonst) nur aus dem Fernsehen! Die Eintrittskarte berechtigt zur Nutzung der kompletten Halle! Zuschauer und Begleitpersonen zahlen (selbstverständlich) keinen Eintritt und können in unseren gemütlichen Lounge-Bereichen ein paar Snacks und Getränke genießen. FLIP &amp; FLY ist der ideale Ort für eine unvergessliche Geburtstagsparty, Klassenfahrten, Firmenevents, Junggesellenabschiede und noch vielem mehr! Verrückte Lichtershows, Gute-Laune-Musik, flippige Gewinnspiele und Moderation sorgen dafür, dass sich selbst Oma und Opa wieder wie Kinder fühlen. Bei uns heißt es: Spaßgarantie statt Monotonie!"
Fit mit Hund - Ludwigslust,['Fitness'],False,"['S', 'M', 'L', 'XL']",S,Plau am See,Quetziner Str 88,https://urbansportsclub.com//de/venues/fit-mit-hund-ludwigslust,"{'@context': 'http://schema.org', '@type': 'LocalBusiness', 'name': 'Fit mit Hund - Ludwigslust', 'description': 'Ab jetzt gemeinsam fit! Immer mehr Hundehalter möchten den Hundespaziergang mit dem eigenen Fitnesstraining verbinden und trainieren bei Fit mit Hund! Zum einen ist das Bewusstsein, den Hund körperlich und geistig auszulasten gestiegen und gleichermaßen wurde der präventive Gesundheitsaspekt immer wichtiger. Insgesamt wird das Zeitmanagement komplexer und die Zeit auch mal Gutes für sich zu tun immer knapper. Seit 2006 ist Fit mit Hund mit dem Fitnesstraining für Hund und Halter am Markt erfolgreich und bietet Trainingsmöglichkeiten für Einsteiger, Walkingfans und Fortgeschrittene sowie für Hunde aller Rassen und Größen! Dabei wurde das Konzept in Zusammenarbeit von Trainern, Physiotherapeuten und Ärzten entwickelt.', 'address': {'@type': 'PostalAddress', 'addressLocality': 'Rostock, Germany', 'addressCountry': 'Germany', 'postalCode': '19395', 'streetAddress': 'Quetziner Str 88'}, 'telephone': '', 'geo': {'@type': 'GeoCoordinates', 'latitude': '53.479076', 'longitude': '12.28393'}, 'priceRange': '-', 'image': 'https://storage.googleapis.com/download/storage/v1/b/usc-pro-uscweb-live-media/o/de-live%2Foriginal_1640x923_b316bb3bdc25-Titelbild_Urban_Sports_Club_1690798645720751_admin.png?generation=1690798645794629&amp;alt=media'}",53.479076,12.28393,"Ab jetzt gemeinsam fit! Immer mehr Hundehalter möchten den Hundespaziergang mit dem eigenen Fitnesstraining verbinden und trainieren bei Fit mit Hund! Zum einen ist das Bewusstsein, den Hund körperlich und geistig auszulasten gestiegen und gleichermaßen wurde der präventive Gesundheitsaspekt immer wichtiger. Insgesamt wird das Zeitmanagement komplexer und die Zeit auch mal Gutes für sich zu tun immer knapper. Seit 2006 ist Fit mit Hund mit dem Fitnesstraining für Hund und Halter am Markt erfolgreich und bietet Trainingsmöglichkeiten für Einsteiger, Walkingfans und Fortgeschrittene sowie für Hunde aller Rassen und Größen! Dabei wurde das Konzept in Zusammenarbeit von Trainern, Physiotherapeuten und Ärzten entwickelt."
German Fight Company,"['Boxsport', 'Fitness']",False,"['M', 'L', 'XL']",M,Evershagen,Messestraße 18,https://urbansportsclub.com//de/venues/german-fight-company,"{'@context': 'http://schema.org', '@type': 'LocalBusiness', 'name': 'German Fight Company', 'description': 'Hallo, Fitness- und Kampfsportbegeisterte, schön das Ihr hergefunden habt! Seit dem 01.08.2009 hat die German Fight Company Ihre Türen für Fitness und Kampfsport in Rostock geöffnet. Auf den fast 800qm wurden optimale Trainingsmöglichkeiten für Leistungs – und Wettkampfsportler im Kinder – und Jugendbereich, genauso wie für Freizeitsportler geschaffen. Dies gilt für Fitness, ebenso wie für den Kampfsport. Unser Studio ist für jedermann geeignet, für Groß und Klein, Jung und Alt und nicht zu vergessen für Frau und Mann! Dazu wird jeder, der es wünscht, von professionellen Trainern für Fitness und Kampfsport betreut!!! Durch Ihre zentrale Lage und die gute Anbindung an das öffentliche Verkehrsnetz, sind das Fitnessstudio und die Kampfsportschule, aus allen Richtungen Rostock`s gut zu erreichen. Weiterhin verfügen das Fitnessstudio und die Kampfsportschule, während der Öffnungszeiten, über einen großen kostenlosen Parkplatz direkt vor der Tür. Bei Fragen oder Anregungen schreibt uns einfach! Euer German Fight Company Rostock e. V. (Fitness und Kampfsport in Rostock)', 'address': {'@type': 'PostalAddress', 'addressLocality': 'Rostock, Germany', 'addressCountry': 'Germany', 'postalCode': '18106', 'streetAddress': 'Messestraße 18'}, 'telephone': '+49 381 44446664', 'geo': {'@type': 'GeoCoordinates', 'latitude': '54.1148392', 'longitude': '12.0534096'}, 'priceRange': '-', 'image': 'https://storage.googleapis.com/download/storage/v1/b/usc-pro-uscweb-live-media/o/de-live%2Foriginal_1024x576_timthumb_154471425295278_admin.jpg?alt=media'}",54.1148392,12.0534096,"Hallo, Fitness- und Kampfsportbegeisterte, schön das Ihr hergefunden habt! Seit dem 01.08.2009 hat die German Fight Company Ihre Türen für Fitness und Kampfsport in Rostock geöffnet. Auf den fast 800qm wurden optimale Trainingsmöglichkeiten für Leistungs – und Wettkampfsportler im Kinder – und Jugendbereich, genauso wie für Freizeitsportler geschaffen. Dies gilt für Fitness, ebenso wie für den Kampfsport. Unser Studio ist für jedermann geeignet, für Groß und Klein, Jung und Alt und nicht zu vergessen für Frau und Mann! Dazu wird jeder, der es wünscht, von professionellen Trainern für Fitness und Kampfsport betreut!!! Durch Ihre zentrale Lage und die gute Anbindung an das öffentliche Verkehrsnetz, sind das Fitnessstudio und die Kampfsportschule, aus allen Richtungen Rostock`s gut zu erreichen. Weiterhin verfügen das Fitnessstudio und die Kampfsportschule, während der Öffnungszeiten, über einen großen kostenlosen Parkplatz direkt vor der Tür. Bei Fragen oder Anregungen schreibt uns einfach! Euer German Fight Company Rostock e. V. (Fitness und Kampfsport in Rostock)"
HW-Shapes,['Stand Up Paddling'],False,"['M', 'L', 'XL']",M,Warnemünde,Heinrich-Heine-Straße 7,https://urbansportsclub.com//de/venues/hw-shapes,"{'@context': 'http://schema.org', '@type': 'LocalBusiness', 'name': 'HW-Shapes', 'description': 'Wir sind nicht nur ein Surfshop, sondern geben als Surfschule, Skimboardschule und Longboardschule Kurse in verschidensten Aktivitäten wie Wellenreiten, Skimboard, Longboard und Slackline. Selbstverständlich kannst du dir das nötige Equipment auch ohne Kurs bei uns leihen. Bis Bald im Surf- und Longboard Shop Rostock - Warnemünde! ...all we do is custom...', 'address': {'@type': 'PostalAddress', 'addressLocality': 'Rostock, Germany', 'addressCountry': 'Germany', 'postalCode': '18119', 'streetAddress': 'Heinrich-Heine-Straße 7'}, 'telephone': '', 'geo': {'@type': 'GeoCoordinates', 'latitude': '54.1781', 'longitude': '12.0834599'}, 'priceRange': '-', 'image': 'https://storage.googleapis.com/download/storage/v1/b/usc-pro-uscweb-live-media/o/de-live%2Foriginal_1688x950_Stand-up%20PaddlingCompressed_1544716082236224_admin.jpg?alt=media'}",54.1781,12.0834599,"Wir sind nicht nur ein Surfshop, sondern geben als Surfschule, Skimboardschule und Longboardschule Kurse in verschidensten Aktivitäten wie Wellenreiten, Skimboard, Longboard und Slackline. Selbstverständlich kannst du dir das nötige Equipment auch ohne Kurs bei uns leihen. Bis Bald im Surf- und Longboard Shop Rostock - Warnemünde! ...all we do is custom..."
HW-Shapes Surfzelt,['Surfen'],False,"['M', 'L', 'XL']",M,Warnemünde,Strandaufgang 1,https://urbansportsclub.com//de/venues/hw-shapes-surfzelt,"{'@context': 'http://schema.org', '@type': 'LocalBusiness', 'name': 'HW-Shapes Surfzelt', 'description': 'Wir sind nicht nur ein Surfshop, sondern geben als Surfschule, Skimboardschule und Longboardschule Kurse in verschidensten Aktivitäten wie Wellenreiten, Skimboard, Longboard und Slackline. Selbstverständlich kannst du dir das nötige Equipment auch ohne Kurs bei uns leihen. Bis Bald im Surf- und Longboard Shop Rostock - Warnemünde! ...all we do is custom...', 'address': {'@type': 'PostalAddress', 'addressLocality': 'Rostock, Germany', 'addressCountry': 'Germany', 'postalCode': '18119', 'streetAddress': 'Strandaufgang 1'}, 'telephone': '', 'geo': {'@type': 'GeoCoordinates', 'latitude': '54.1718277', 'longitude': '12.0910576'}, 'priceRange': '-', 'image': 'https://storage.googleapis.com/download/storage/v1/b/usc-pro-uscweb-live-media/o/de-live%2Foriginal_1688x950_Stand-up%20PaddlingCompressed_1544716070793900_admin.jpg?alt=media'}",54.1718277,12.0910576,"Wir sind nicht nur ein Surfshop, sondern geben als Surfschule, Skimboardschule und Longboardschule Kurse in verschidensten Aktivitäten wie Wellenreiten, Skimboard, Longboard und Slackline. Selbstverständlich kannst du dir das nötige Equipment auch ohne Kurs bei uns leihen. Bis Bald im Surf- und Longboard Shop Rostock - Warnemünde! ...all we do is custom..."
Just Freerun @ 45 Grad,['Funktionelles Training'],False,"['L', 'XL']",L,Kröpeliner-Tor-Vorstadt,Am Kayenmühlengraben 2,https://urbansportsclub.com//de/venues/just-freerun-45-grad,"{'@context': 'http://schema.org', '@type': 'LocalBusiness', 'name': 'Just Freerun @ 45 Grad', 'description': 'Du möchtest etwas Besonderes und Sinnvolles im Leben tun? Du suchst neue Herausforderungen? Du bist gelangweilt vom Standard Fitness Training?Dann bist du eine/r von uns! Mit Creative Movement Training erlangst du neue Perspektiven auf Bewegung und lernst aus abwechslungsreichen Konzepten: Von Le Parkour, Yoga sowie Crossfit, über Jonglage, Meditation und Dance. Entfalte dich spielerisch mit ineinander fließenden Bewegungen. Das trainieren wir, um im Flow zu leben! Persönliches und körperliches Wachstum ist das, was uns alle erfüllt &amp; was wir dir versprechen!', 'address': {'@type': 'PostalAddress', 'addressLocality': 'Rostock, Germany', 'addressCountry': 'Germany', 'postalCode': '18057', 'streetAddress': 'Am Kayenmühlengraben 2'}, 'telephone': '', 'geo': {'@type': 'GeoCoordinates', 'latitude': '54.096812', 'longitude': '12.103011'}, 'priceRange': '-', 'image': 'https://storage.googleapis.com/download/storage/v1/b/usc-pro-uscweb-live-media/o/de-live%2Foriginal_3264x1836_Rostock.Movement.%20Halle%20Montag%20Donnerstag%20au%C3%9Fen_1544192611466421_admin.jpg?alt=media'}",54.096812,12.103011,"Du möchtest etwas Besonderes und Sinnvolles im Leben tun? Du suchst neue Herausforderungen? Du bist gelangweilt vom Standard Fitness Training?Dann bist du eine/r von uns! Mit Creative Movement Training erlangst du neue Perspektiven auf Bewegung und lernst aus abwechslungsreichen Konzepten: Von Le Parkour, Yoga sowie Crossfit, über Jonglage, Meditation und Dance. Entfalte dich spielerisch mit ineinander fließenden Bewegungen. Das trainieren wir, um im Flow zu leben! Persönliches und körperliches Wachstum ist das, was uns alle erfüllt &amp; was wir dir versprechen!"
Just Freerun @ Borwinschule,['Funktionelles Training'],False,"['L', 'XL']",L,Kröpeliner-Tor-Vorstadt,Am Kabutzenhof 8,https://urbansportsclub.com//de/venues/just-freerun-borwinschule,"{'@context': 'http://schema.org', '@type': 'LocalBusiness', 'name': 'Just Freerun @ Borwinschule', 'description': 'Du möchtest etwas Besonderes und Sinnvolles im Leben tun? Du suchst neue Herausforderungen? Du bist gelangweilt vom Standard Fitness Training?Dann bist du eine/r von uns! Mit Creative Movement Training erlangst du neue Perspektiven auf Bewegung und lernst aus abwechslungsreichen Konzepten: Von Le Parkour, Yoga sowie Crossfit, über Jonglage, Meditation und Dance. Entfalte dich spielerisch mit ineinander fließenden Bewegungen. Das trainieren wir, um im Flow zu leben! Persönliches und körperliches Wachstum ist das, was uns alle erfüllt &amp; was wir dir versprechen!', 'address': {'@type': 'PostalAddress', 'addressLocality': 'Rostock, Germany', 'addressCountry': 'Germany', 'postalCode': '18057', 'streetAddress': 'Am Kabutzenhof 8'}, 'telephone': '', 'geo': {'@type': 'GeoCoordinates', 'latitude': '54.0908422', 'longitude': '12.1108731'}, 'priceRange': '-', 'image': 'https://storage.googleapis.com/download/storage/v1/b/usc-pro-uscweb-live-media/o/de-live%2Foriginal_1024x576_Rostock.Movement.%20Halle%20Mittwoch%20au%C3%9Fen_1544192858417711_admin.jpg?alt=media'}",54.0908422,12.1108731,"Du möchtest etwas Besonderes und Sinnvolles im Leben tun? Du suchst neue Herausforderungen? Du bist gelangweilt vom Standard Fitness Training?Dann bist du eine/r von uns! Mit Creative Movement Training erlangst du neue Perspektiven auf Bewegung und lernst aus abwechslungsreichen Konzepten: Von Le Parkour, Yoga sowie Crossfit, über Jonglage, Meditation und Dance. Entfalte dich spielerisch mit ineinander fließenden Bewegungen. Das trainieren wir, um im Flow zu leben! Persönliches und körperliches Wachstum ist das, was uns alle erfüllt &amp; was wir dir versprechen!"
Just Freerun @ Borwinschule II,['Funktionelles Training'],False,"['L', 'XL']",L,Kröpeliner-Tor-Vorstadt,Elisabethstraße 28,https://urbansportsclub.com//de/venues/just-freerun-borwinschule-ii,"{'@context': 'http://schema.org', '@type': 'LocalBusiness', 'name': 'Just Freerun @ Borwinschule II', 'description': 'Du möchtest etwas Besonderes und Sinnvolles im Leben tun? Du suchst neue Herausforderungen? Du bist gelangweilt vom Standard Fitness Training?Dann bist du eine/r von uns! Mit Creative Movement Training erlangst du neue Perspektiven auf Bewegung und lernst aus abwechslungsreichen Konzepten: Von Le Parkour, Yoga sowie Crossfit, über Jonglage, Meditation und Dance. Entfalte dich spielerisch mit ineinander fließenden Bewegungen. Das trainieren wir, um im Flow zu leben! Persönliches und körperliches Wachstum ist das, was uns alle erfüllt &amp; was wir dir versprechen!', 'address': {'@type': 'PostalAddress', 'addressLocality': 'Rostock, Germany', 'addressCountry': 'Germany', 'postalCode': '18057', 'streetAddress': 'Elisabethstraße 28'}, 'telephone': '', 'geo': {'@type': 'GeoCoordinates', 'latitude': '54.0913174', 'longitude': '12.1094636'}, 'priceRange': '-', 'image': 'https://storage.googleapis.com/download/storage/v1/b/usc-pro-uscweb-live-media/o/de-live%2Foriginal_3264x1836_Rostock.Movement.%20Halle%20Sonntag%20au%C3%9Fen_1544192893320093_admin.jpg?alt=media'}",54.0913174,12.1094636,"Du möchtest etwas Besonderes und Sinnvolles im Leben tun? Du suchst neue Herausforderungen? Du bist gelangweilt vom Standard Fitness Training?Dann bist du eine/r von uns! Mit Creative Movement Training erlangst du neue Perspektiven auf Bewegung und lernst aus abwechslungsreichen Konzepten: Von Le Parkour, Yoga sowie Crossfit, über Jonglage, Meditation und Dance. Entfalte dich spielerisch mit ineinander fließenden Bewegungen. Das trainieren wir, um im Flow zu leben! Persönliches und körperliches Wachstum ist das, was uns alle erfüllt &amp; was wir dir versprechen!"
Karate Bushido Rostock e.V.,"['Moderne Selbstverteidigung', 'Traditionell-Asiatische Kampfkünste']",False,"['M', 'L', 'XL']",M,Marienehe,An der Jägerbäk 3,https://urbansportsclub.com//de/venues/karate-bushido-rostock-ev,"{'@context': 'http://schema.org', '@type': 'LocalBusiness', 'name': 'Karate Bushido Rostock e.V.', 'description': 'Wir legen besonderen Wert auf Anwendbarkeit und Wirksamkeit unserer Techniken! Größtes Augenmerk in dieser Gruppe legen wir auf die Selbstverteidigung. In der Karategruppe achten wir besonders auf die Gesundheit unserer Schüler. Wir sind zu der Erkenntnis gelangt, dass eine richtig ausgeführte Karate-Technik, keinen Gefahr für den eigenen Körper darstellt, sondern zur Stärkung der eigenen Sehnen, Muskeln und Gelenke beiträgt. Unter qualifizierter Anleitung und einer Aufteilung innerhalb der Trainingsgruppe gewährleisten wir ein hohes Maß an Individualisierung in der von dir gewählten Aktivität. Finde eine gelungene Abwechslung zum stressigen Alltag.', 'address': {'@type': 'PostalAddress', 'addressLocality': 'Rostock, Germany', 'addressCountry': 'Germany', 'postalCode': '18069', 'streetAddress': 'An der Jägerbäk 3'}, 'telephone': '', 'geo': {'@type': 'GeoCoordinates', 'latitude': '54.1105631', 'longitude': '12.0748013'}, 'priceRange': '-', 'image': 'https://storage.googleapis.com/download/storage/v1/b/usc-pro-uscweb-live-media/o/de-live%2Foriginal_1024x576_cache_1594468.JPG_1545640241635535_admin.png?alt=media'}",54.1105631,12.0748013,"Wir legen besonderen Wert auf Anwendbarkeit und Wirksamkeit unserer Techniken! Größtes Augenmerk in dieser Gruppe legen wir auf die Selbstverteidigung. In der Karategruppe achten wir besonders auf die Gesundheit unserer Schüler. Wir sind zu der Erkenntnis gelangt, dass eine richtig ausgeführte Karate-Technik, keinen Gefahr für den eigenen Körper darstellt, sondern zur Stärkung der eigenen Sehnen, Muskeln und Gelenke beiträgt. Unter qualifizierter Anleitung und einer Aufteilung innerhalb der Trainingsgruppe gewährleisten wir ein hohes Maß an Individualisierung in der von dir gewählten Aktivität. Finde eine gelungene Abwechslung zum stressigen Alltag."
KiePT Kieseler Personal Training,"['Funktionelles Training', 'Yoga']",False,"['M', 'L', 'XL']",M,Bad Doberan,Stülower Weg 64,https://urbansportsclub.com//de/venues/kiept-kieseler-personal-training,"{'@context': 'http://schema.org', '@type': 'LocalBusiness', 'name': 'KiePT Kieseler Personal Training', 'description': 'Als Personal Trainerin und Ernährungscoach biete ich Dir in meinem Training eine professionelle Komplettbetreuung für einen definierteren, beweglicheren, strafferen Körper. Das Training wird, trotz des Kursangebot, so individuell auf Dich abgestimmt wie möglich. Wir unterliegen meist dem &quot;Sitzkreislauf&quot; des Lebens: wir sitzen am Frühstückstisch, sitzen auf dem Weg zur Arbeit im Auto oder der Bahn, sitzen am Schreibtisch, sitzen in der Kantine, sitzen auf dem Heimweg und anschließend abends auf der Couch. Die vorhandenen Muskelketten verkürzen allmählich und wir bekommen, oft erst nach Jahren, PLÖTZLICH Schmerzen, die sich eigentlich lange aufgebaut haben. An dieser Stelle ist das &quot;Zauberwort&quot; Muskellängentraining und dabei ein wahres Wundermittel zurück zu Beschwerdefreiheit und mehr Beweglichkeit im Alltag. Ich helfe Dir dabei, Spaß an Bewegung zu finden und den inneren Schweinehund dauerhaft an die Kette zu legen. Dabei ist Dein Zeitaufwand minimal.', 'address': {'@type': 'PostalAddress', 'addressLocality': 'Rostock, Germany', 'addressCountry': 'Germany', 'postalCode': '18209', 'streetAddress': 'Stülower Weg 64'}, 'telephone': '+49 174 2033988', 'geo': {'@type': 'GeoCoordinates', 'latitude': '54.095423725', 'longitude': '11.889415018'}, 'priceRange': '-', 'image': 'https://storage.googleapis.com/download/storage/v1/b/usc-pro-uscweb-live-media/o/de-live%2Foriginal_1024x576_Depositphotos_127641230_xl-2015_1_1577109149913142_admin.jpg?alt=media'}",54.095423725,11.889415018,"Als Personal Trainerin und Ernährungscoach biete ich Dir in meinem Training eine professionelle Komplettbetreuung für einen definierteren, beweglicheren, strafferen Körper. Das Training wird, trotz des Kursangebot, so individuell auf Dich abgestimmt wie möglich. Wir unterliegen meist dem &quot;Sitzkreislauf&quot; des Lebens: wir sitzen am Frühstückstisch, sitzen auf dem Weg zur Arbeit im Auto oder der Bahn, sitzen am Schreibtisch, sitzen in der Kantine, sitzen auf dem Heimweg und anschließend abends auf der Couch. Die vorhandenen Muskelketten verkürzen allmählich und wir bekommen, oft erst nach Jahren, PLÖTZLICH Schmerzen, die sich eigentlich lange aufgebaut haben. An dieser Stelle ist das &quot;Zauberwort&quot; Muskellängentraining und dabei ein wahres Wundermittel zurück zu Beschwerdefreiheit und mehr Beweglichkeit im Alltag. Ich helfe Dir dabei, Spaß an Bewegung zu finden und den inneren Schweinehund dauerhaft an die Kette zu legen. Dabei ist Dein Zeitaufwand minimal."
Medin- Reha und Gesundheitssport e.V.,['Fitness'],False,"['S', 'M', 'L', 'XL']",S,Schwedt/Oder,Ackertstraße 2,https://urbansportsclub.com//de/venues/medin-reha-und-gesundheitssport-ev,"{'@context': 'http://schema.org', '@type': 'LocalBusiness', 'name': 'Medin- Reha und Gesundheitssport e.V.', 'description': 'Du hast Lust auf ein umkompliziertes Training? Du möchtest in einer familiären Umgebung Sport treiben? Du möchtest die neusten Geräte benutzen und die aktuellsten Kurse besuchen? Dann bist du bei uns genau richtig!', 'address': {'@type': 'PostalAddress', 'addressLocality': 'Rostock, Germany', 'addressCountry': 'Germany', 'postalCode': '16303', 'streetAddress': 'Ackertstraße 2'}, 'telephone': '', 'geo': {'@type': 'GeoCoordinates', 'latitude': '54.0924406', 'longitude': '12.0991466'}, 'priceRange': '-', 'image': 'https://storage.googleapis.com/download/storage/v1/b/usc-pro-uscweb-live-media/o/de-live%2Foriginal_2026x1140_d028a38d7aff-IMG_8938_169028499882998_admin.jpg?generation=1690284998168518&amp;alt=media'}",54.0924406,12.0991466,Du hast Lust auf ein umkompliziertes Training? Du möchtest in einer familiären Umgebung Sport treiben? Du möchtest die neusten Geräte benutzen und die aktuellsten Kurse besuchen? Dann bist du bei uns genau richtig!
Mrs.Sporty Rostock-Reutershagen,['Fitness'],False,"['M', 'L', 'XL']",M,Reutershagen,Walter-Stoecker-Straße 33,https://urbansportsclub.com//de/venues/mrssporty-rostock-reutershagen,"{'@context': 'http://schema.org', '@type': 'LocalBusiness', 'name': 'Mrs.Sporty Rostock-Reutershagen', 'description': 'Bei Mrs.Sporty trainierst du deine Kraft, Ausdauer, Koordination und Beweglichkeit in nur 30 Minuten. Unser Konzept basiert auf Zirkeltraining in kleinen Gruppen. Begleitet werden die Gruppen während des Trainings von einem persönlichen Trainer. Er erklärt dir die verschiedenen Übungen und unterstützt dich bei der Ausführung. Probier es einfach aus!', 'address': {'@type': 'PostalAddress', 'addressLocality': 'Rostock, Germany', 'addressCountry': 'Germany', 'postalCode': '18069', 'streetAddress': 'Walter-Stoecker-Straße 33'}, 'telephone': '', 'geo': {'@type': 'GeoCoordinates', 'latitude': '54.099048', 'longitude': '12.0702406'}, 'priceRange': '-', 'image': 'https://storage.googleapis.com/download/storage/v1/b/usc-pro-uscweb-live-media/o/de-live%2Foriginal_1024x576_FK_SS298062308_bar_1544786715797127_admin.jpg?alt=media'}",54.099048,12.0702406,"Bei Mrs.Sporty trainierst du deine Kraft, Ausdauer, Koordination und Beweglichkeit in nur 30 Minuten. Unser Konzept basiert auf Zirkeltraining in kleinen Gruppen. Begleitet werden die Gruppen während des Trainings von einem persönlichen Trainer. Er erklärt dir die verschiedenen Übungen und unterstützt dich bei der Ausführung. Probier es einfach aus!"
Ostseetherme-Usedom - Therme (Wellness),['Wellness'],False,"['M', 'L', 'XL']",M,Ahlbeck,Lindenstraße 60,https://urbansportsclub.com//de/venues/ostseetherme-usedom-wellness,"{'@context': 'http://schema.org', '@type': 'LocalBusiness', 'name': 'Ostseetherme-Usedom - Therme (Wellness)', 'description': 'Dem Meer so nah – das ist die OstseeTherme Usedom in Seebad Ahlbeck. Nur 200 m vom Strand entfernt wartet Badespaß für die ganze Familie, unabhängig von Wetter und Alter. Die wohltuende Wirkung der Heringsdorfer Jodsole genießen, mit welcher das Wasser in drei Badebecken angereichert ist, oder einen entspannten Tag in der Saunawelt. Am Ende lohnt der Blick vom Aussichtsturm mit herrlichem Ostseepanorama. Im Gesundheitsstudio dreht sich alles um die gesunde Art von Fitness. Sie wollen dem Alltagsstress entfliehen? Dann sind Sie hier bestens aufgehoben. Geschultes Personal steht Ihnen während des Trainings stets zur Seite und stimmt Ihren Trainingsplan speziell auf Ihre Bedürfnisse und Ziele ab. Das Gesundheitsstudio bietet Ihnen außerdem ein umfangreiches und abwechslungsreiches Kursangebot.', 'address': {'@type': 'PostalAddress', 'addressLocality': 'Rostock, Germany', 'addressCountry': 'Germany', 'postalCode': '17419', 'streetAddress': 'Lindenstraße 60'}, 'telephone': '', 'geo': {'@type': 'GeoCoordinates', 'latitude': '53.9461382', 'longitude': '14.1768775'}, 'priceRange': '-', 'image': 'https://storage.googleapis.com/download/storage/v1/b/usc-pro-uscweb-live-media/o/de-live%2Foriginal_4032x2268_bb48485c0630-Therme_quer_au%C3%9Fen%20(1)_1678292457778909_admin.jpg?generation=1678292457945275&amp;alt=media'}",53.9461382,14.1768775,"Dem Meer so nah – das ist die OstseeTherme Usedom in Seebad Ahlbeck. Nur 200 m vom Strand entfernt wartet Badespaß für die ganze Familie, unabhängig von Wetter und Alter. Die wohltuende Wirkung der Heringsdorfer Jodsole genießen, mit welcher das Wasser in drei Badebecken angereichert ist, oder einen entspannten Tag in der Saunawelt. Am Ende lohnt der Blick vom Aussichtsturm mit herrlichem Ostseepanorama. Im Gesundheitsstudio dreht sich alles um die gesunde Art von Fitness. Sie wollen dem Alltagsstress entfliehen? Dann sind Sie hier bestens aufgehoben. Geschultes Personal steht Ihnen während des Trainings stets zur Seite und stimmt Ihren Trainingsplan speziell auf Ihre Bedürfnisse und Ziele ab. Das Gesundheitsstudio bietet Ihnen außerdem ein umfangreiches und abwechslungsreiches Kursangebot."
RügenFIT,"['Fitness', 'Funktionelles Training', 'Indoorcycling']",False,"['M', 'L', 'XL']",M,Bergen auf Rügen,Sundstraße 13,https://urbansportsclub.com//de/venues/rugenfit,"{'@context': 'http://schema.org', '@type': 'LocalBusiness', 'name': 'RügenFIT', 'description': 'Du möchtest bis ins hohe Alter fit, gesund und leistungsfähig bleiben, Deine Wirbelsäule stärken, beweglicher werden oder ein gesundes Gewicht erreichen und es langfristig halten? Du suchst einen Ausgleich zum Alltag und eine Möglichkeit, Deine wertvolle Freizeit sinnvoll zu verbringen? Dann bist Du bei uns richtig! Unser qualifiziertes Team freut sich darauf, Dir beim Erreichen Deiner Ziele zur Seite zu stehen. Lass Dich von uns als ganzheitlichen Gesundheitsanbieter, Rücken- und Abnehmspezialist, Spezialist für Rehasport begeistern. Wir sind ein familiärer Club. Auf 3 Etagen findest Du Fitnessgeräte inklusive Milon-Kraft-Ausdauerzirkel, einen Kursraum, ein EMS-Studio und eine Naturheilpraxis. Entspanne Dich nach dem Fitnesstraining in unserer Sauna und mach Urlaub für Körper, Geist und Seele! Vereinbare ein Probetraining und überzeuge Dich sich selbst von unseren erstklassigen Angeboten, wir freuen uns auf Dich!', 'address': {'@type': 'PostalAddress', 'addressLocality': 'Rostock, Germany', 'addressCountry': 'Germany', 'postalCode': '18528', 'streetAddress': 'Sundstraße 13'}, 'telephone': '', 'geo': {'@type': 'GeoCoordinates', 'latitude': '54.4149961', 'longitude': '13.4247691'}, 'priceRange': '-', 'image': 'https://storage.googleapis.com/download/storage/v1/b/usc-pro-uscweb-live-media/o/de-live%2Foriginal_1688x950_Funktionelles%20Training%20compressed_1565778864854828_admin.jpg?alt=media'}",54.4149961,13.4247691,"Du möchtest bis ins hohe Alter fit, gesund und leistungsfähig bleiben, Deine Wirbelsäule stärken, beweglicher werden oder ein gesundes Gewicht erreichen und es langfristig halten? Du suchst einen Ausgleich zum Alltag und eine Möglichkeit, Deine wertvolle Freizeit sinnvoll zu verbringen? Dann bist Du bei uns richtig! Unser qualifiziertes Team freut sich darauf, Dir beim Erreichen Deiner Ziele zur Seite zu stehen. Lass Dich von uns als ganzheitlichen Gesundheitsanbieter, Rücken- und Abnehmspezialist, Spezialist für Rehasport begeistern. Wir sind ein familiärer Club. Auf 3 Etagen findest Du Fitnessgeräte inklusive Milon-Kraft-Ausdauerzirkel, einen Kursraum, ein EMS-Studio und eine Naturheilpraxis. Entspanne Dich nach dem Fitnesstraining in unserer Sauna und mach Urlaub für Körper, Geist und Seele! Vereinbare ein Probetraining und überzeuge Dich sich selbst von unseren erstklassigen Angeboten, wir freuen uns auf Dich!"
Supremesurf Beachhouse,"['Stand Up Paddling', 'Surfen']",False,"['M', 'L', 'XL']",M,Warnemünde,Strandaufgang 11,https://urbansportsclub.com//de/venues/supremesurf-beachhouse,"{'@context': 'http://schema.org', '@type': 'LocalBusiness', 'name': 'Supremesurf Beachhouse', 'description': 'Surfshop: &quot;A surf a day keeps the doctor away“ – das ist das Motto von Supremesurf. Dabei ist Supremesurf mehr als nur ein Surfshop – wir teilen mit dir die Leidenschaft für Wasser, Wind und Wellen! Der Supremesurf Shop befindet sich direkt im Rostocker Stadthafen (alter Speicher) und bietet neben aktuellster Mode auch eine riesige Auswahl des brandneuem Equipments in Sachen Kitesurfen, Windsurfen, Wellenreiten, Longboarden, Skimboarden, Snowboarden und Skateboarden. Einfach SUP Board und Paddel bei uns im Surfhop am Rostocker Stadthafen ausleihen und auf der Warnow paddeln gehen. ____________________________ Beachhouse: Warnefornia erwartet dich! Direkt am Strand von Warnemünde und zu Füßen des berühmten Neptun- Hotels findest du die Supreme Surfschule „Beachhouse“. Vor Ort kannst du dich im Windsurfen, Stand Up Paddling und Wellenreiten ausprobieren. Erfahrene Surfer können hier aktuelles Material ausleihen. Neugierige und Sonnenanbeter können den perfekten Ausblick und dabei ein Eis genießen! Die Sandbänke vor Warnemünde bieten den Einsteigern bei ruhiger See und leichten Winden Sicherheit für die ersten Versuche. Sobald ein strammer Nordwest- oder Nordost-Wind weht, verwandelt sich die Ostsee hier in einen anspruchsvollen Spot für Wave Surfer. Ausserdem schwimmst du hier mit auf der (Fähr)Welle - Vielseitiger kann ein Revier kaum sein. Aloha!', 'address': {'@type': 'PostalAddress', 'addressLocality': 'Rostock, Germany', 'addressCountry': 'Germany', 'postalCode': '18119', 'streetAddress': 'Strandaufgang 11'}, 'telephone': '', 'geo': {'@type': 'GeoCoordinates', 'latitude': '54.1718277', 'longitude': '12.0910576'}, 'priceRange': '-', 'image': 'https://storage.googleapis.com/download/storage/v1/b/usc-pro-uscweb-live-media/o/de-live%2Foriginal_2000x1125_BeachhouseOpening2018-180_1544783845441969_admin.jpg?alt=media'}",54.1718277,12.0910576,"Surfshop: &quot;A surf a day keeps the doctor away“ – das ist das Motto von Supremesurf. Dabei ist Supremesurf mehr als nur ein Surfshop – wir teilen mit dir die Leidenschaft für Wasser, Wind und Wellen! Der Supremesurf Shop befindet sich direkt im Rostocker Stadthafen (alter Speicher) und bietet neben aktuellster Mode auch eine riesige Auswahl des brandneuem Equipments in Sachen Kitesurfen, Windsurfen, Wellenreiten, Longboarden, Skimboarden, Snowboarden und Skateboarden. Einfach SUP Board und Paddel bei uns im Surfhop am Rostocker Stadthafen ausleihen und auf der Warnow paddeln gehen. ____________________________ Beachhouse: Warnefornia erwartet dich! Direkt am Strand von Warnemünde und zu Füßen des berühmten Neptun- Hotels findest du die Supreme Surfschule „Beachhouse“. Vor Ort kannst du dich im Windsurfen, Stand Up Paddling und Wellenreiten ausprobieren. Erfahrene Surfer können hier aktuelles Material ausleihen. Neugierige und Sonnenanbeter können den perfekten Ausblick und dabei ein Eis genießen! Die Sandbänke vor Warnemünde bieten den Einsteigern bei ruhiger See und leichten Winden Sicherheit für die ersten Versuche. Sobald ein strammer Nordwest- oder Nordost-Wind weht, verwandelt sich die Ostsee hier in einen anspruchsvollen Spot für Wave Surfer. Ausserdem schwimmst du hier mit auf der (Fähr)Welle - Vielseitiger kann ein Revier kaum sein. Aloha!"
Supremesurf Shop,['Stand Up Paddling'],False,"['M', 'L', 'XL']",M,Stadtmitte,Am Strande 2e,https://urbansportsclub.com//de/venues/supremesurf-shop,"{'@context': 'http://schema.org', '@type': 'LocalBusiness', 'name': 'Supremesurf Shop', 'description': 'Surfshop: &quot;A surf a day keeps the doctor away“ – das ist das Motto von Supremesurf. Dabei ist Supremesurf mehr als nur ein Surfshop – wir teilen mit dir die Leidenschaft für Wasser, Wind und Wellen! Der Supremesurf Shop befindet sich direkt im Rostocker Stadthafen (alter Speicher) und bietet neben aktuellster Mode auch eine riesige Auswahl des brandneuem Equipments in Sachen Kitesurfen, Windsurfen, Wellenreiten, Longboarden, Skimboarden, Snowboarden und Skateboarden. Einfach SUP Board und Paddel bei uns im Surfhop am Rostocker Stadthafen ausleihen und auf der Warnow paddeln gehen. ____________________________ Beachhouse: Warnefornia erwartet dich! Direkt am Strand von Warnemünde und zu Füßen des berühmten Neptun- Hotels findest du die Supreme Surfschule „Beachhouse“. Vor Ort kannst du dich im Windsurfen, Stand Up Paddling und Wellenreiten ausprobieren. Erfahrene Surfer können hier aktuelles Material ausleihen. Neugierige und Sonnenanbeter können den perfekten Ausblick und dabei ein Eis genießen! Die Sandbänke vor Warnemünde bieten den Einsteigern bei ruhiger See und leichten Winden Sicherheit für die ersten Versuche. Sobald ein strammer Nordwest- oder Nordost-Wind weht, verwandelt sich die Ostsee hier in einen anspruchsvollen Spot für Wave Surfer. Ausserdem schwimmst du hier mit auf der (Fähr)Welle - Vielseitiger kann ein Revier kaum sein. Aloha!', 'address': {'@type': 'PostalAddress', 'addressLocality': 'Rostock, Germany', 'addressCountry': 'Germany', 'postalCode': '18055', 'streetAddress': 'Am Strande 2e'}, 'telephone': '', 'geo': {'@type': 'GeoCoordinates', 'latitude': '54.092621', 'longitude': '12.1425845'}, 'priceRange': '-', 'image': 'https://storage.googleapis.com/download/storage/v1/b/usc-pro-uscweb-live-media/o/de-live%2Foriginal_1280x720_d705541c-5559-47fa-aa73-4b572b373824_1547046118334393_admin.jpg?alt=media'}",54.092621,12.1425845,"Surfshop: &quot;A surf a day keeps the doctor away“ – das ist das Motto von Supremesurf. Dabei ist Supremesurf mehr als nur ein Surfshop – wir teilen mit dir die Leidenschaft für Wasser, Wind und Wellen! Der Supremesurf Shop befindet sich direkt im Rostocker Stadthafen (alter Speicher) und bietet neben aktuellster Mode auch eine riesige Auswahl des brandneuem Equipments in Sachen Kitesurfen, Windsurfen, Wellenreiten, Longboarden, Skimboarden, Snowboarden und Skateboarden. Einfach SUP Board und Paddel bei uns im Surfhop am Rostocker Stadthafen ausleihen und auf der Warnow paddeln gehen. ____________________________ Beachhouse: Warnefornia erwartet dich! Direkt am Strand von Warnemünde und zu Füßen des berühmten Neptun- Hotels findest du die Supreme Surfschule „Beachhouse“. Vor Ort kannst du dich im Windsurfen, Stand Up Paddling und Wellenreiten ausprobieren. Erfahrene Surfer können hier aktuelles Material ausleihen. Neugierige und Sonnenanbeter können den perfekten Ausblick und dabei ein Eis genießen! Die Sandbänke vor Warnemünde bieten den Einsteigern bei ruhiger See und leichten Winden Sicherheit für die ersten Versuche. Sobald ein strammer Nordwest- oder Nordost-Wind weht, verwandelt sich die Ostsee hier in einen anspruchsvollen Spot für Wave Surfer. Ausserdem schwimmst du hier mit auf der (Fähr)Welle - Vielseitiger kann ein Revier kaum sein. Aloha!"
Vital-Aktiv-Ostsee,['Fitness'],False,"['S', 'M', 'L', 'XL']",S,Kühlungsborn,Cubanze Str. 19b,https://urbansportsclub.com//de/venues/vital-aktiv-ostsee,"{'@context': 'http://schema.org', '@type': 'LocalBusiness', 'name': 'Vital-Aktiv-Ostsee', 'description': 'Als eine der fortschrittlichsten Anlagen für Gesundheitstraining der Region setzen wir in puncto Betreuung, Training und Gesundheit völlig neue Maßstäbe. Unser wissenschaftlich erprobtes Konzept mit effektiven Trainings- und Beweglichkeitskonzepten zur Erreichung der persönlichen Gesundheitsziele unserer Mitglieder basiert auf einem ganzheitlichen Ansatz. Im Mittelpunkt unseres gesamten qualifizierten Teams stehen die Ziele unserer Mitglieder für mehr Schmerzfreiheit, mehr Lebensfreude und mehr Lebensqualität. - Sie legen Wert auf eine optimale und individuelle Betreuung? - Sie wollten schon immer mehr über den Teufelskreis Rückenschmerzen wissen? - Sie wollen langfristig Ihre Rückenschmerzen in den Griff bekommen? - Sie wünschen sich mehr Lebensqualität? - Sie möchten Vitalität und Aktivität bis ins hohe Alter? - Sie legen Wert auf Beweglichkeit und Mobilität? - Sie möchten Agilität und Lebensfreude gewinnen durch optimale Betreuung und fachliche Kompetenz? ...dann sind Sie genau richtig bei uns!! Durch unseren 2 milon Zirkel, Vibrationstraining und das five Beweglichkeitskonzept unterstützen wir Sie bei der Erreichung Ihrer Ziele.', 'address': {'@type': 'PostalAddress', 'addressLocality': 'Rostock, Germany', 'addressCountry': 'Germany', 'postalCode': '18225', 'streetAddress': 'Cubanze Str. 19b'}, 'telephone': '', 'geo': {'@type': 'GeoCoordinates', 'latitude': '54.1444056', 'longitude': '11.7602052'}, 'priceRange': '-', 'image': 'https://storage.googleapis.com/download/storage/v1/b/usc-pro-uscweb-live-media/o/de-live%2Foriginal_1280x720_9191297f3f07-2dcfeb08_b8b1_4299_ac7e_1a969c7f972e_155652908721875_admin.jpg?alt=media'}",54.1444056,11.7602052,"Als eine der fortschrittlichsten Anlagen für Gesundheitstraining der Region setzen wir in puncto Betreuung, Training und Gesundheit völlig neue Maßstäbe. Unser wissenschaftlich erprobtes Konzept mit effektiven Trainings- und Beweglichkeitskonzepten zur Erreichung der persönlichen Gesundheitsziele unserer Mitglieder basiert auf einem ganzheitlichen Ansatz. Im Mittelpunkt unseres gesamten qualifizierten Teams stehen die Ziele unserer Mitglieder für mehr Schmerzfreiheit, mehr Lebensfreude und mehr Lebensqualität. - Sie legen Wert auf eine optimale und individuelle Betreuung? - Sie wollten schon immer mehr über den Teufelskreis Rückenschmerzen wissen? - Sie wollen langfristig Ihre Rückenschmerzen in den Griff bekommen? - Sie wünschen sich mehr Lebensqualität? - Sie möchten Vitalität und Aktivität bis ins hohe Alter? - Sie legen Wert auf Beweglichkeit und Mobilität? - Sie möchten Agilität und Lebensfreude gewinnen durch optimale Betreuung und fachliche Kompetenz? ...dann sind Sie genau richtig bei uns!! Durch unseren 2 milon Zirkel, Vibrationstraining und das five Beweglichkeitskonzept unterstützen wir Sie bei der Erreichung Ihrer Ziele."
YOGA INN Rostock,['Yoga'],False,"['M', 'L', 'XL']",M,Evershagen,Lisa-Tetzner-Weg 1,https://urbansportsclub.com//de/venues/yoga-inn-rostock,"{'@context': 'http://schema.org', '@type': 'LocalBusiness', 'name': 'YOGA INN Rostock', 'description': 'YOGA INN Rostock freut sich auf Dich!', 'address': {'@type': 'PostalAddress', 'addressLocality': 'Rostock, Germany', 'addressCountry': 'Germany', 'postalCode': '', 'streetAddress': 'Lisa-Tetzner-Weg 1'}, 'telephone': '', 'geo': {'@type': 'GeoCoordinates', 'latitude': '54.115186', 'longitude': '12.061542'}, 'priceRange': '-', 'image': 'https://storage.googleapis.com/download/storage/v1/b/usc-pro-uscweb-live-media/o/de-live%2Foriginal_1688x950_YogaCompressed%20(2)_1649752762528659_admin.jpg?generation=1649752762804344&amp;alt=media'}",54.115186,12.061542,YOGA INN Rostock freut sich auf Dich!
